Barcode,Topic 1,Topic 2to3,Topic 4,Topic 5to6,Topic 7,Topic 8,Topic 9to10
AAACAACGAATAGTTC-1,0.000085,0.186317,0.000085,0.580463,0.042751,0.000085,0.190215
AAACAAGTATCTCCCA-1,0.000096,0.217166,0.19491,0.586613,0.000929,0.000096,0.000191
AAACAATCTACTAGCA-1,0.092335,0.061361,0.000013,0.028062,0.337537,0.019241,0.461451
AAACACCAATAACTGC-1,0.123218,0.305335,0.001824,0.380185,0.000278,0.054347,0.134813
AAACAGAGCGACTCCT-1,0.000005,0.00001,0.174282,0.003033,0.818725,0.000005,0.00394
AAACAGCTTTCAGAAG-1,0.245119,0.000111,0.075376,0.449277,0.084714,0.027328,0.118075
AAACAGGGTCTATATT-1,0.248144,0.002281,0.083769,0.470874,0.056106,0.100576,0.03825
AAACAGTGTTCCTGGG-1,0.000071,0.208311,0.000071,0.655108,0.000071,0.007453,0.128914
AAACATGGTGAGAGGA-1,0.076905,0.099482,0.050367,0.59989,0.018035,0.108742,0.046579
AAACATTTCCCGGATT-1,0.065026,0.000382,0.000191,0.871404,0.062425,0.000191,0.000382
AAACCACTACACAGAT-1,0.000159,0.000318,0.000159,0.584655,0.414234,0.000159,0.000318
AAACCCGAACGAAATC-1,0.000061,0.201572,0.000061,0.689669,0.000061,0.026048,0.082528
AAACCGGAAATGTTAA-1,0.00011,0.113531,0.00011,0.795602,0.00011,0.00011,0.090425
AAACCGGGTAGGTACC-1,0.190825,0.016398,0.03251,0.005729,0.066652,0.32316,0.364726
AAACCGTTCGTCCAGG-1,0.033452,0.346014,0.054865,0.085475,0.010905,0.380814,0.088476
AAACCTAAGCAGCCGG-1,0.000132,0.000265,0.000132,0.802933,0.071309,0.050809,0.074419
AAACCTCATGAAGTTG-1,0.206507,0.015796,0.005185,0.008619,0.435844,0.065203,0.262847
AAACGAAGAACATACC-1,0.000614,0.001227,0.000614,0.211756,0.000614,0.000614,0.784562
AAACGAAGATGGAGTA-1,0.104586,0.042634,0.080616,0.543195,0.00175,0.105372,0.121847
AAACGACAGTCTTGCC-1,0.000186,0.000372,0.000186,0.603142,0.395556,0.000186,0.000372
AAACGAGACGGTTGAT-1,0.020765,0.51385,0.0257,0.008811,0.062252,0.100406,0.268215
AAACGCCCGAGATCGG-1,0.000043,0.000086,0.021472,0.405556,0.572712,0.000043,0.000086
AAACGCTGGGCACGAC-1,0.000369,0.038383,0.000369,0.959402,0.000369,0.000369,0.000738
AAACGGGCGTACGGGT-1,0.000135,0.00027,0.000135,0.771173,0.000135,0.057039,0.171112
AAACGGGTTGGTATCC-1,0.033679,0.119631,0.000119,0.455942,0.138647,0.000119,0.251862
AAACGGTTGCGAACTG-1,0.000128,0.258014,0.080433,0.572605,0.000128,0.042346,0.046345
AAACGTGTTCGCCCTA-1,0.000238,0.000476,0.000238,0.941074,0.057259,0.000238,0.000476
AAACTAACGTGGCGAC-1,0.000069,0.000137,0.016042,0.684288,0.299258,0.000069,0.000137
AAACTCGGTTCGCAAT-1,0.000164,0.000329,0.109522,0.811568,0.077925,0.000164,0.000329
AAACTCGTGATATAAG-1,0.00028,0.21995,0.00028,0.778369,0.00028,0.00028,0.00056
AAACTGCTGGCTCCAA-1,0.019705,0.000048,0.288307,0.121422,0.175047,0.000024,0.395447
AAACTTAATTGCACGC-1,0.070368,0.220775,0.013126,0.515878,0.000041,0.099706,0.080106
AAACTTGCAAACGTAT-1,0.320969,0.062151,0.060657,0.237368,0.077207,0.150172,0.091475
AAAGAATGACCTTAGA-1,0.034154,0.137005,0.009478,0.585341,0.03594,0.07779,0.120292
AAAGAATGTGGACTAA-1,0.05011,0.000528,0.000264,0.700319,0.000264,0.220648,0.027867
AAAGACATGAAGTTTA-1,0.108324,0.000095,0.000048,0.309506,0.581344,0.000048,0.000635
AAAGACCCAAGTCGCG-1,0.000013,0.305154,0.294462,0.089315,0.23775,0.013737,0.05957
AAAGACTGGGCGCTTT-1,0.051436,0.000011,0.000378,0.000011,0.925579,0.000006,0.022579
AAAGCTTGCCTACATA-1,0.000243,0.069961,0.000788,0.739536,0.000243,0.000243,0.188985
AAAGGCCCTATAATAC-1,0.007938,0.203049,0.00006,0.70823,0.00006,0.023291,0.057373
AAAGGCTACGGACCAT-1,0.00005,0.185993,0.091606,0.580241,0.007397,0.086176,0.048537
AAAGGCTCTCGCGCCG-1,0.038332,0.345808,0.005056,0.208897,0.111999,0.012847,0.277061
AAAGGGATGTAGCAAG-1,0.011171,0.179475,0.074633,0.020667,0.051602,0.413803,0.248649
AAAGGGCAGCTTGAAT-1,0.930274,0.069649,0.000011,0.000022,0.000011,0.000011,0.000022
AAAGGTAAGCTGTACC-1,0.000071,0.000143,0.000071,0.547987,0.451514,0.000071,0.000143
AAAGGTCAACGACATG-1,0.000578,0.001156,0.106965,0.375036,0.514531,0.000578,0.001156
AAAGTAGCATTGCTCA-1,0.033814,0.395148,0.065659,0.138333,0.025273,0.194227,0.147546
AAAGTCACTGATGTAA-1,0.097862,0.244242,0.153634,0.199972,0.147572,0.041739,0.11498
AAAGTCGACCCTCAGT-1,0.85574,0.000044,0.00138,0.059592,0.057589,0.000022,0.025633
AAAGTGCCATCAATTA-1,0.000217,0.000435,0.000217,0.807535,0.000217,0.190942,0.000435
AAAGTGTGATTTATCT-1,0.000069,0.339237,0.000069,0.584322,0.02575,0.028359,0.022193
AAAGTTGACTCCCGTA-1,0.000118,0.289776,0.000118,0.675575,0.020199,0.000429,0.013785
AAATAACCATACGGGA-1,0.060309,0.000027,0.111462,0.000027,0.825057,0.000013,0.003105
AAATAAGGTAGTGCCC-1,0.042515,0.268835,0.034625,0.537903,0.059853,0.000092,0.056175
AAATACCTATAAGCAT-1,0.000025,0.00005,0.429973,0.024872,0.356007,0.000025,0.189048
AAATAGCTTAGACTTT-1,0.138623,0.239491,0.084864,0.390204,0.052343,0.011686,0.082789
AAATAGGGTGCTATTG-1,0.020938,0.000169,0.000084,0.775358,0.011083,0.072787,0.119581
AAATCACTCCTAAACG-1,0.000498,0.000995,0.000498,0.732916,0.2636,0.000498,0.000995
AAATCCGATACACGCC-1,0.000121,0.000243,0.038013,0.725597,0.006784,0.010332,0.21891
AAATCGCGGAAGGAGT-1,0.095437,0.055861,0.059241,0.5244,0.037892,0.162023,0.065147
AAATCGTGTACCACAA-1,0.000008,0.189523,0.107399,0.059773,0.013286,0.402282,0.227729
AAATCTAGCCCTGCTA-1,0.000128,0.16988,0.000128,0.819731,0.000128,0.009751,0.000255
AAATCTGCCCGCGTCC-1,0.000037,0.142382,0.016387,0.72103,0.000037,0.107857,0.01227
AAATGACTGATCAAAC-1,0.000132,0.21149,0.101591,0.579351,0.000132,0.085928,0.021377
AAATGATTCGATCAGC-1,0.00034,0.197392,0.00034,0.800566,0.00034,0.00034,0.00068
AAATGCTCGTTACGTT-1,0.23172,0.125457,0.002072,0.07986,0.086722,0.326496,0.147673
AAATGGCATGTCTTGT-1,0.00007,0.129215,0.00007,0.578731,0.218831,0.012049,0.061033
AAATGGCCCGTGCCCT-1,0.11352,0.072741,0.052945,0.540328,0.016084,0.080832,0.123549
AAATGGTCAATGTGCC-1,0.11374,0.096691,0.114509,0.025097,0.036237,0.195868,0.417858
AAATGTATCTTATCCC-1,0.36081,0.061243,0.000009,0.088035,0.347808,0.034069,0.108026
AAATGTGGGTGCTCCT-1,0.000082,0.317424,0.012028,0.34302,0.016966,0.000082,0.310399
AAATTAACGGGTAGCT-1,0.000005,0.466701,0.000005,0.000941,0.031686,0.383908,0.116755
AAATTAATAAGCGCGA-1,0.097971,0.001447,0.000007,0.009046,0.460287,0.1086,0.322643
AAATTACACGACTCTG-1,0.194204,0.000056,0.253651,0.003314,0.548497,0.000028,0.00025
AAATTACCTATCGATG-1,0.000172,0.11702,0.000172,0.821645,0.000172,0.025518,0.035303
AAATTCCAGGTCCAAA-1,0.125871,0.137842,0.013202,0.573665,0.022936,0.050207,0.076276
AAATTGATAGTCCTTT-1,0.143218,0.499327,0.110665,0.043373,0.005221,0.152355,0.045839
AAATTGCGGCGGTTCT-1,0.000146,0.155004,0.000146,0.69859,0.046802,0.000146,0.099165
AAATTGGTGAGAAGCA-1,0.019192,0.000848,0.00405,0.816234,0.158404,0.000424,0.000848
AAATTTACCGAAATCC-1,0.089065,0.013583,0.000036,0.311644,0.578218,0.003345,0.00411
AAATTTGCGGGTGTGG-1,0.060357,0.003245,0.049631,0.028011,0.154095,0.191434,0.513227
AACAACTGGTAGTTGC-1,0.099126,0.16486,0.005997,0.010834,0.015669,0.582267,0.121247
AACAATACATTGTCGA-1,0.000047,0.203912,0.138504,0.566348,0.010025,0.009554,0.071611
AACAATTACTCTACGC-1,0.930679,0.065532,0.000004,0.000009,0.000004,0.003763,0.000009
AACACACGCTCGCCGC-1,0.027067,0.092669,0.000108,0.776026,0.000108,0.035519,0.068502
AACACGACTGTACTGA-1,0.068506,0.007145,0.003573,0.007145,0.003573,0.003572,0.906487
AACACGAGACGCGGCC-1,0.439238,0.077619,0.003105,0.045667,0.015583,0.277873,0.140916
AACACGCGGCCGCGAA-1,0.071299,0.41917,0.018361,0.084936,0.044859,0.003131,0.358244
AACAGCTGTGTGGCAA-1,0.058249,0.249651,0.121277,0.569744,0.000101,0.000776,0.000202
AACAGGAAATCGAATA-1,0.05131,0.239377,0.037309,0.403241,0.176135,0.018443,0.074185
AACAGGATGGGCCGCG-1,0.103421,0.383993,0.02665,0.162793,0.032047,0.191986,0.09911
AACAGGTAGTATGGAT-1,0.000115,0.303335,0.000115,0.663353,0.000115,0.032737,0.00023
AACATAGCGTGTATCG-1,0.000962,0.088876,0.000962,0.683089,0.000962,0.000962,0.224188
AACATATCAACTGGTG-1,0.000142,0.081164,0.060182,0.72506,0.049,0.000142,0.084309
AACATCGATACGTCTA-1,0.000275,0.238951,0.000275,0.581101,0.140928,0.03792,0.00055
AACATTGAAGTTGATC-1,0.000073,0.289064,0.000073,0.586601,0.000512,0.115278,0.008399
AACATTGGTCAGCCGT-1,0.022273,0.243382,0.00013,0.655391,0.078434,0.00013,0.00026
AACATTGTGACTCGAG-1,0.00162,0.104298,0.000093,0.742561,0.0739,0.000093,0.077436
AACCAAGACTTCTCTG-1,0.064248,0.48717,0.003149,0.016185,0.00711,0.24336,0.178777
AACCAGTATCACTCTT-1,0.083985,0.000064,0.035209,0.274661,0.603262,0.000032,0.002787
AACCATAGGGTTGAAC-1,0.052237,0.227468,0.017704,0.518045,0.050474,0.112117,0.021955
AACCATGGGATCGCTA-1,0.075252,0.204397,0.010462,0.008353,0.089586,0.187503,0.424446
AACCCAGAGACGGAGA-1,0.101842,0.277258,0.090831,0.028105,0.143745,0.122806,0.235413
AACCCATCCCATGATC-1,0.08454,0.186586,0.018018,0.437877,0.007378,0.146447,0.119155
AACCCGACAACCCGTG-1,0.000072,0.26515,0.010556,0.561296,0.014375,0.041463,0.107086
AACCCGAGCAGAATCG-1,0.00013,0.226243,0.00013,0.772978,0.00013,0.00013,0.000259
AACCCGATAGGGCTTC-1,0.000654,0.001308,0.000654,0.899416,0.096008,0.000654,0.001308
AACCCGCTGTATTCCA-1,0.000137,0.277654,0.052794,0.532291,0.000137,0.098327,0.038659
AACCCTACTGTCAATA-1,0.000098,0.374079,0.000098,0.403353,0.015325,0.063169,0.143878
AACCCTGGTGGAACCA-1,0.081227,0.0023,0.00115,0.0023,0.575495,0.00115,0.33638
AACCGAGCTTGGTCAT-1,0.079417,0.660879,0.055154,0.063277,0.110125,0.002821,0.028327
AACCGCTAAGGGATGC-1,0.026127,0.329989,0.000101,0.58729,0.055851,0.000101,0.000542
AACCGTTGTGTTTGCT-1,0.002638,0.261066,0.260882,0.011592,0.37025,0.003094,0.090478
AACCTAAAGCCGTCCG-1,0.138379,0.002198,0.001099,0.346351,0.508675,0.001099,0.002198
AACCTCGCTTTAGCCC-1,0.00015,0.000301,0.00015,0.789176,0.00015,0.003068,0.207003
AACCTGTCACGGAATT-1,0.118808,0.148356,0.000042,0.584274,0.044227,0.015697,0.088598
AACCTTTAAATACGGT-1,0.000114,0.000228,0.38949,0.508707,0.000114,0.060619,0.040728
AACCTTTACGACGTCT-1,0.142443,0.000029,0.306675,0.000029,0.550781,0.000015,0.000029
AACGAAAGTCGTCCCA-1,0.044952,0.164519,0.052248,0.469143,0.072144,0.09934,0.097655
AACGACCTCCTAGCCG-1,0.000429,0.000859,0.000429,0.996565,0.000429,0.000429,0.000859
AACGATAATGCCGTAG-1,0.017497,0.000226,0.139102,0.631381,0.199802,0.000113,0.011879
AACGATAGAAGGGCCG-1,0.289256,0.333272,0.090433,0.032115,0.036489,0.095899,0.122537
AACGATATGTCAACTG-1,0.070899,0.473103,0.08356,0.024827,0.136668,0.03804,0.172902
AACGCATGATCTGGGT-1,0.02862,0.20174,0.000352,0.767878,0.000352,0.000352,0.000704
AACGCGAACGGCAACA-1,0.061442,0.15876,0.000062,0.62879,0.000332,0.028457,0.122158
AACGCGACCTTGGGCG-1,0.000118,0.160735,0.104435,0.657133,0.010874,0.000118,0.066588
AACGCGGTCTCCAGCC-1,0.783038,0.089131,0.060612,0.050165,0.000025,0.000025,0.017004
AACGCTGTTGCTGAAA-1,0.000125,0.00025,0.000125,0.893971,0.000125,0.000125,0.10528
AACGGACGTACGTATA-1,0.000101,0.103081,0.000101,0.778414,0.042433,0.000101,0.07577
AACGGCCATCTCCGGT-1,0.000005,0.101108,0.045305,0.028018,0.022281,0.317563,0.48572
AACGTACTGTGGGTAC-1,0.127135,0.275163,0.119976,0.040271,0.080848,0.118898,0.23771
AACGTAGTCTACCCAT-1,0.427886,0.05606,0.012864,0.123457,0.229659,0.000016,0.150059
AACGTCAGACTAGTGG-1,0.000004,0.125347,0.000472,0.012129,0.038648,0.615174,0.208225
AACGTCATCCGGCTTG-1,0.00019,0.175127,0.00019,0.823734,0.00019,0.00019,0.00038
AACGTCGCTGCACTTC-1,0.000256,0.019676,0.000256,0.739092,0.000256,0.000256,0.240206
AACGTGATGAAGGACA-1,0.00033,0.203776,0.104712,0.00066,0.543168,0.00033,0.147023
AACGTGCGAAAGTCTC-1,0.000003,0.090807,0.000125,0.030253,0.212639,0.0558,0.610372
AACGTTATCAGCACCT-1,0.067193,0.13428,0.000046,0.50507,0.075336,0.086578,0.131498
AACGTTCTACCATTGT-1,0.001087,0.002175,0.001087,0.991302,0.001087,0.001087,0.002174
AACTACCCGTTTGTCA-1,0.000108,0.228602,0.000108,0.750466,0.000108,0.000108,0.020501
AACTAGCGTATCGCAC-1,0.02393,0.306249,0.00165,0.09263,0.194348,0.01918,0.362013
AACTAGGCTTGGGTGT-1,0.000086,0.088958,0.067484,0.577269,0.003522,0.073215,0.189466
AACTCAAGTTAATTGC-1,0.396908,0.000161,0.000081,0.483697,0.000081,0.000081,0.118991
AACTCCAGAGCGTGTT-1,0.046781,0.000427,0.000214,0.852557,0.000214,0.000214,0.099593
AACTCCTAATCCCATG-1,0.005614,0.000029,0.132741,0.000029,0.859056,0.000015,0.002516
AACTCGATAAACACGT-1,0.095081,0.170385,0.134752,0.436019,0.119446,0.007904,0.036415
AACTCGATGGCGCAGT-1,0.202628,0.211041,0.009151,0.266053,0.044017,0.141181,0.125929
AACTCTCAATAGAGCG-1,0.190818,0.247481,0.005191,0.448911,0.056281,0.049552,0.001765
AACTCTCAGTGTGCTC-1,0.000013,0.381266,0.057443,0.016601,0.004504,0.510023,0.030149
AACTGAGGTCAGCGTC-1,0.030668,0.000201,0.030825,0.629018,0.308987,0.000101,0.000201
AACTGAGTTATACTGA-1,0.02536,0.186196,0.000152,0.787684,0.000152,0.000152,0.000304
AACTGATATTAGGCCT-1,0.051504,0.29651,0.075792,0.260199,0.232029,0.022037,0.061929
AACTGGGTCCCGACGT-1,0.000012,0.960843,0.000012,0.039086,0.000012,0.000012,0.000024
AACTGGGTTCGAGCCG-1,0.102688,0.076755,0.000024,0.195103,0.600956,0.000527,0.023946
AACTGGTGTGGGCCTT-1,0.024719,0.147696,0.037359,0.071487,0.143307,0.128438,0.446994
AACTTCTGCGTCTATC-1,0.059557,0.072921,0.02916,0.521291,0.000074,0.243422,0.073575
AACTTGCCCGTATGCA-1,0.173104,0.012311,0.000004,0.004388,0.014308,0.668169,0.127716
AACTTGCGTTCTCGCG-1,0.174944,0.303152,0.010773,0.474389,0.009439,0.009653,0.017649
AACTTTACGGGAGCTT-1,0.887276,0.000015,0.000007,0.000015,0.109919,0.000007,0.00276
AACTTTAGCTGCTGAG-1,0.00001,0.364675,0.004945,0.005933,0.089668,0.006166,0.528603
AACTTTCTCGATCATG-1,0.000516,0.001031,0.000516,0.995875,0.000516,0.000516,0.001031
AAGAAAGTTTGATGGG-1,0.000115,0.28692,0.000115,0.701793,0.000115,0.010714,0.000229
AAGAAATCACCAGATT-1,0.000585,0.00117,0.000585,0.99532,0.000585,0.000585,0.00117
AAGAAGGATCAGTTAG-1,0.353198,0.172355,0.176321,0.077497,0.128123,0.020105,0.072401
AAGACATACGTGGTTT-1,0.00031,0.000619,0.00031,0.785292,0.00031,0.00031,0.21285
AAGACCAAATAACTCA-1,0.046283,0.105887,0.046197,0.508041,0.013114,0.124326,0.156151
AAGACCCAACTGAACA-1,0.01808,0.445094,0.110068,0.075216,0.008125,0.003316,0.3401
AAGACTAACCCGTTGT-1,0.000091,0.271913,0.000091,0.569654,0.089425,0.000091,0.068737
AAGACTCACGCCCACT-1,0.087779,0.000083,0.015589,0.341811,0.554612,0.000042,0.000083
AAGACTGCAAGCTACT-1,0.000005,0.034714,0.000005,0.013797,0.058506,0.02684,0.866132
AAGAGATGAATCGGTA-1,0.02698,0.037005,0.054521,0.003672,0.076431,0.332516,0.468875
AAGAGCTCTTTATCGG-1,0.000005,0.346876,0.029473,0.003991,0.150802,0.030926,0.437928
AAGAGGATGTACGCGA-1,0.7658,0.000021,0.130319,0.014983,0.033119,0.00001,0.055748
AAGAGGCATGGATCGC-1,0.43333,0.147812,0.086668,0.011808,0.031765,0.037214,0.251404
AAGAGGCCCTTTGGAA-1,0.000162,0.246077,0.000162,0.750107,0.000162,0.000162,0.003168
AAGATGGCACCGGACC-1,0.06684,0.603059,0.09525,0.040696,0.108321,0.001375,0.08446
AAGATTGGCGGAACGT-1,0.00007,0.048564,0.063315,0.757764,0.035674,0.00007,0.094544
AAGCACCCTGCGTATC-1,0.00015,0.000299,0.243618,0.629298,0.106398,0.00015,0.020088
AAGCATACTCTCCTGA-1,0.000118,0.000235,0.32028,0.498235,0.116316,0.043828,0.020987
AAGCCACTTGCAGGTA-1,0.000062,0.109257,0.020258,0.789262,0.007399,0.073638,0.000124
AAGCCGAAGCGGTTTA-1,0.000123,0.256084,0.000123,0.735768,0.000123,0.000123,0.007657
AAGCCGCCGTGAAATC-1,0.012551,0.126472,0.021901,0.575237,0.008483,0.155857,0.0995
AAGCCGCTTTACCTTG-1,0.000553,0.001105,0.000553,0.995579,0.000553,0.000553,0.001105
AAGCCGGAGAGCAGGA-1,0.000244,0.231301,0.000244,0.767236,0.000244,0.000244,0.000488
AAGCGCAGGGCTTTGA-1,0.000147,0.003064,0.176853,0.745958,0.000147,0.000147,0.073684
AAGCGGAGTGCGCGCA-1,0.092031,0.001093,0.000547,0.858927,0.000547,0.045762,0.001093
AAGCGGCGTCATGGGT-1,0.025047,0.000069,0.059846,0.243969,0.670966,0.000034,0.000069
AAGCGTCCCTCATCGA-1,0.0843,0.212723,0.133356,0.230226,0.079218,0.146207,0.11397
AAGCTAGATCGAGTAA-1,0.005245,0.000051,0.694771,0.032856,0.266999,0.000026,0.000051
AAGCTATGGATTGACC-1,0.038694,0.000328,0.132339,0.827983,0.000164,0.000164,0.000328
AAGCTCGTGCCAAGTC-1,0.000005,0.054237,0.000471,0.019376,0.271208,0.109324,0.545379
AAGCTCTTTCATGGTG-1,0.000183,0.000366,0.000183,0.649104,0.094813,0.000183,0.255168
AAGGAGAACTTATAAG-1,0.000645,0.334234,0.000645,0.661894,0.000645,0.000645,0.001291
AAGGAGCGGTTGGTGC-1,0.05922,0.552734,0.015558,0.030289,0.008037,0.212193,0.121969
AAGGATCGATCGCTTG-1,0.030623,0.273287,0.000094,0.562224,0.100429,0.002876,0.030467
AAGGATGAGGGACCTC-1,0.000065,0.04061,0.002026,0.786566,0.044846,0.000065,0.125821
AAGGCAGGCTGTCTCC-1,0.032434,0.203519,0.000892,0.588368,0.069851,0.00007,0.104866
AAGGCGCGTAAAGCTT-1,0.290989,0.051477,0.013133,0.016424,0.039799,0.139579,0.4486
AAGGCTGTGCTCATCG-1,0.028072,0.294011,0.02232,0.036546,0.006673,0.40992,0.202459
AAGGGAACGACTGGCT-1,0.102042,0.3078,0.001081,0.516098,0.000072,0.048598,0.024309
AAGGGACAGATTCTGT-1,0.000143,0.052475,0.005804,0.742754,0.059941,0.084964,0.053918
AAGGGACTATGCATTC-1,0.09652,0.214949,0.04677,0.55103,0.000104,0.042743,0.047884
AAGGGTTAGCCATGCG-1,0.000813,0.001627,0.000813,0.938061,0.000813,0.056246,0.001627
AAGGGTTTGATTTCAG-1,0.09105,0.008278,0.019293,0.6562,0.086067,0.126766,0.012347
AAGGTATCCTAATATA-1,0.000066,0.144882,0.150565,0.51528,0.146888,0.000066,0.042252
AAGGTGATAAACCAGC-1,0.000052,0.252479,0.006361,0.700546,0.012604,0.002451,0.025508
AAGTAAGCTTCCAAAC-1,0.250944,0.12401,0.001363,0.234106,0.233287,0.000023,0.156269
AAGTAGAAGACCGGGT-1,0.000007,0.163753,0.007276,0.030705,0.023617,0.355296,0.419346
AAGTAGTGACGCGAGG-1,0.115675,0.043572,0.049457,0.068125,0.271274,0.052654,0.399242
AAGTCAATTGTCGTCA-1,0.000138,0.278506,0.000138,0.675608,0.042501,0.000138,0.002972
AAGTCTAGTAGCTGCC-1,0.000513,0.144728,0.000513,0.852194,0.000513,0.000513,0.001026
AAGTCTTCTGTGGCCT-1,0.215083,0.000103,0.066654,0.341975,0.219564,0.003273,0.153348
AAGTGACGACCGAATT-1,0.263193,0.000033,0.328955,0.010258,0.157869,0.003932,0.23576
AAGTGAGTCGGGTTTA-1,0.008571,0.485922,0.018149,0.193762,0.078558,0.101283,0.113757
AAGTGCAAAGGTAGAC-1,0.04162,0.00001,0.000005,0.01021,0.849606,0.018185,0.080366
AAGTGCCTTGACTGTA-1,0.00011,0.329669,0.067758,0.420522,0.00128,0.081628,0.099032
AAGTGCGTTAGAATCT-1,0.019918,0.316509,0.049313,0.182234,0.024171,0.192128,0.215727
AAGTGCTTCTCTATTG-1,0.000129,0.324431,0.040957,0.600847,0.000129,0.031191,0.002315
AAGTGTTTGGAGACGG-1,0.000088,0.000176,0.000088,0.670322,0.006009,0.007062,0.316255
AAGTTCACTCCAAGCT-1,0.000163,0.000326,0.000163,0.688132,0.053363,0.000163,0.25769
AAGTTCAGTCTGCGTA-1,0.000322,0.000643,0.087377,0.819423,0.091271,0.000322,0.000643
AAGTTCGGCCAACAGG-1,0.642549,0.040692,0.053093,0.021532,0.003783,0.03184,0.206511
AAGTTGTGATGTTATA-1,0.000319,0.000637,0.029506,0.829713,0.000319,0.000319,0.139188
AAGTTTACTAATGGCA-1,0.002565,0.00513,0.002565,0.00513,0.002565,0.002565,0.979481
AAGTTTATGGGCCCAA-1,0.000155,0.082831,0.144727,0.771665,0.000155,0.000155,0.000311
AATAACAACGCTCGGC-1,0.017963,0.000011,0.035114,0.003864,0.323177,0.002383,0.617489
AATAACACTAGAACAA-1,0.000007,0.997895,0.000007,0.000631,0.000007,0.00144,0.000013
AATAACGTCGCGCCCA-1,0.000377,0.000755,0.000377,0.987903,0.000377,0.000377,0.009832
AATAAGTCCTCGAGAC-1,0.000433,0.156641,0.000433,0.530158,0.22356,0.000433,0.088341
AATAATCTTCGTATCG-1,0.017933,0.266371,0.000141,0.714988,0.000141,0.000141,0.000283
AATACAATGTTTCAGG-1,0.183805,0.24603,0.001784,0.284259,0.002084,0.240465,0.041573
AATACCGGAGGGCTGT-1,0.000075,0.136443,0.060608,0.64655,0.000075,0.037891,0.118358
AATACCTGATGTGAAC-1,0.000211,0.000422,0.000211,0.998312,0.000211,0.000211,0.000422
AATAGAACAGAGTGGC-1,0.000005,0.071173,0.056658,0.012988,0.000017,0.729693,0.129466
AATAGAATCTGTTTCA-1,0.000122,0.009107,0.000122,0.82027,0.003945,0.124105,0.04233
AATAGCAAGCCTCCTG-1,0.000069,0.000138,0.043008,0.552668,0.403909,0.000069,0.000138
AATAGCTACCGCGTGC-1,0.056681,0.000614,0.000307,0.84681,0.000307,0.000307,0.094975
AATAGGCACGACCCTT-1,0.000139,0.226185,0.000139,0.616376,0.000139,0.15212,0.004903
AATAGTCCGTCCCGAC-1,0.000011,0.385926,0.048873,0.210397,0.034896,0.171872,0.148025
AATAGTCGCGAGTCGG-1,0.127963,0.003684,0.067482,0.137236,0.370678,0.000008,0.29295
AATATCAAGGTCGGAT-1,0.000008,0.737764,0.000008,0.008028,0.086357,0.012743,0.155092
AATATCCTAGCAAACT-1,0.22168,0.000113,0.136015,0.479777,0.092761,0.019589,0.050066
AATATCGAATCAATGC-1,0.00013,0.25431,0.109167,0.629392,0.00013,0.00013,0.006741
AATATCGAGGGTTCTC-1,0.000191,0.068397,0.000191,0.753118,0.152148,0.000191,0.025766
AATATTGGAGTATTGA-1,0.155081,0.018973,0.000013,0.000887,0.34257,0.196021,0.286456
AATCAGACTGCAGGAC-1,0.000151,0.297613,0.09893,0.471123,0.000151,0.002991,0.12904
AATCAGGTTTCATTTA-1,0.000112,0.181702,0.038286,0.585997,0.024225,0.032676,0.137003
AATCATGTAAAGACTC-1,0.000149,0.040674,0.032647,0.880611,0.000149,0.045473,0.000298
AATCCAAGGGCCTGAG-1,0.000015,0.356465,0.096519,0.180221,0.063573,0.184431,0.118776
AATCCATGCAAGGGTG-1,0.012433,0.172013,0.011322,0.474607,0.062457,0.106085,0.161083
AATCCCGCTCAGAGCC-1,0.000158,0.177936,0.046519,0.6445,0.000158,0.000158,0.13057
AATCGAGGTCTCAAGG-1,0.002382,0.182665,0.002382,0.333713,0.248706,0.22539,0.004763
AATCGCCTCAGCGCCA-1,0.000005,0.286492,0.006647,0.083875,0.079493,0.102856,0.440631
AATCGCGCAGAGGACT-1,0.051276,0.162512,0.076882,0.580522,0.005419,0.008454,0.114936
AATCGGGACACTACGA-1,0.000021,0.093394,0.00171,0.131193,0.015122,0.491138,0.267422
AATCGGTATAGCCCTC-1,0.000424,0.075853,0.000424,0.516333,0.000424,0.0324,0.374143
AATCGTGAGCCGAGCA-1,0.042632,0.036867,0.000172,0.681569,0.000172,0.053718,0.184869
AATCTAGGTTTACTTG-1,0.080848,0.147211,0.061946,0.504708,0.165761,0.010832,0.028694
AATCTATGCCGGAGCC-1,0.000156,0.095591,0.114203,0.76795,0.000156,0.000156,0.021789
AATCTCTACTGTGGTT-1,0.600499,0.000055,0.01878,0.130169,0.134654,0.000027,0.115816
AATCTGCGTTGGGACG-1,0.052112,0.534402,0.013385,0.257977,0.056671,0.010899,0.074553
AATCTGGCTTTCTAGT-1,0.084969,0.108526,0.14139,0.434112,0.011842,0.186873,0.032289
AATCTGGGTAGACCCT-1,0.073366,0.000075,0.000052,0.277572,0.648615,0.000037,0.000283
AATGACAGCAATGTCT-1,0.000007,0.825572,0.004216,0.00461,0.001271,0.087642,0.076682
AATGACGTAGGATGTC-1,0.36419,0.000011,0.001372,0.044572,0.018364,0.059578,0.511913
AATGACTGTCAGCCGG-1,0.003815,0.662454,0.005641,0.147724,0.008274,0.138877,0.033215
AATGAGTTCGCATATG-1,0.214094,0.211773,0.000061,0.380047,0.000061,0.12486,0.069103
AATGATGATACGCTAT-1,0.000222,0.019808,0.000222,0.719992,0.052072,0.000222,0.207464
AATGATGCGACTCCTG-1,0.000268,0.000536,0.000268,0.799103,0.000268,0.000268,0.199288
AATGCAACCGGGTACC-1,0.130016,0.038939,0.160391,0.019246,0.056178,0.348668,0.246561
AATGCACCAAGCAATG-1,0.063291,0.023139,0.000133,0.70328,0.209752,0.000133,0.000271
AATGGCCGCCAATGCG-1,0.000637,0.001274,0.000637,0.994903,0.000637,0.000637,0.001274
AATGGTCCACCGTTCA-1,0.323627,0.000014,0.084703,0.000014,0.574296,0.000007,0.017338
AATGGTTCTCACAAGC-1,0.024529,0.114487,0.058702,0.025425,0.089537,0.153286,0.534034
AATGTATGGCACTGTA-1,0.059715,0.179838,0.000433,0.514846,0.000045,0.174789,0.070334
AATGTGCCCGAGGTGT-1,0.075969,0.027029,0.000683,0.044098,0.3965,0.245949,0.209773
AATGTGCTAATCTGAG-1,0.013092,0.233496,0.046373,0.61266,0.000093,0.0941,0.000186
AATGTTAAGACCCTGA-1,0.00164,0.272621,0.00164,0.717541,0.00164,0.00164,0.00328
AATGTTGTCGTGAGAC-1,0.000293,0.028622,0.000292,0.859754,0.110161,0.000292,0.000585
AATTAAAGGTCGGCGT-1,0.000016,0.319037,0.046283,0.088206,0.010984,0.413611,0.121862
AATTAACGGATTTCCA-1,0.000114,0.000826,0.177001,0.549536,0.036264,0.120804,0.115455
AATTACGAGACCCATC-1,0.032323,0.077192,0.044697,0.612912,0.067826,0.064884,0.100166
AATTACTCGTACGCTC-1,0.07968,0.109426,0.000123,0.615277,0.000123,0.150031,0.04534
AATTAGCGCTGCAGCG-1,0.000015,0.099324,0.068164,0.070021,0.000015,0.756918,0.005542
AATTATACCCAGCAAG-1,0.000196,0.000392,0.000196,0.697332,0.000196,0.146224,0.155465
AATTCATAAGGGATCT-1,0.002276,0.160216,0.000044,0.679396,0.15572,0.000044,0.002305
AATTCATTGTCATGCA-1,0.031052,0.242706,0.00005,0.466122,0.043117,0.122031,0.094923
AATTCCAACTTGGTGA-1,0.063373,0.271512,0.00016,0.579502,0.075985,0.00016,0.009307
AATTCCAAGCATGTAC-1,0.000168,0.152131,0.182469,0.648181,0.000168,0.016547,0.000336
AATTCGATTCGAGGAT-1,0.000192,0.000385,0.126731,0.75221,0.000192,0.000192,0.120097
AATTCTAGAGTTAGGC-1,0.000013,0.005753,0.096757,0.000083,0.000606,0.449325,0.447462
AATTGAACGCTCTGGT-1,0.040094,0.000134,0.000067,0.72127,0.042395,0.000067,0.195973
AATTGCAGCAATCGAC-1,0.000182,0.000364,0.000182,0.949947,0.000182,0.000182,0.04896
AATTGCGTGGATTACA-1,0.064502,0.179843,0.022329,0.570536,0.000047,0.129875,0.032868
AATTGTGGTTGCCAAA-1,0.000222,0.090675,0.000222,0.907994,0.000222,0.000222,0.000444
AATTTGGGACATAGTA-1,0.000016,0.000032,0.265106,0.000032,0.734766,0.000016,0.000032
AATTTGGTTCCAAAGA-1,0.153631,0.345487,0.050673,0.097548,0.080274,0.002305,0.270083
ACAAACCATGCGTCCT-1,0.06364,0.254366,0.038607,0.528086,0.001069,0.08168,0.032551
ACAAACCGACAAGGCG-1,0.000179,0.000357,0.066668,0.089054,0.843206,0.000179,0.000357
ACAAACTCCATCAGAG-1,0.000077,0.167447,0.000077,0.832094,0.000077,0.000077,0.000153
ACAAAGAAGGTAGGCC-1,0.228748,0.000094,0.1112,0.43807,0.082959,0.00005,0.13888
ACAAAGCATGACCTAG-1,0.041704,0.000426,0.000213,0.874098,0.000213,0.000213,0.083134
ACAAATCGCACCGAAT-1,0.024882,0.000168,0.000084,0.724902,0.002353,0.01789,0.229721
ACAAATGGTAGTGTTT-1,0.022235,0.106032,0.000062,0.673516,0.076633,0.04038,0.081142
ACAAATTCAGATCTGA-1,0.000026,0.000052,0.009939,0.395923,0.593981,0.000026,0.000052
ACAACAGCATGAGCTA-1,0.000006,0.278899,0.018699,0.03107,0.22655,0.064096,0.38068
ACAACGGTCCCTGCGA-1,0.032933,0.241662,0.004196,0.01227,0.008287,0.392203,0.30845
ACAAGCAGTGCCTAGC-1,0.964889,0.005322,0.000005,0.00001,0.000005,0.029759,0.00001
ACAAGCTATATGGAAG-1,0.237312,0.000043,0.047465,0.233155,0.339017,0.000022,0.142985
ACAAGGAAATCCGCCC-1,0.123806,0.00668,0.004538,0.059152,0.040462,0.176979,0.588383
ACAAGGACAAGAGGTT-1,0.000006,0.015155,0.029047,0.012908,0.056439,0.325481,0.560964
ACAAGGATGCTTTAGG-1,0.000153,0.000307,0.000153,0.763341,0.000153,0.028341,0.207551
ACAAGGCCTACCAGCC-1,0.046111,0.000075,0.052479,0.36331,0.537912,0.000038,0.000075
ACAAGGGCAGGCTCTG-1,0.02578,0.000006,0.000015,0.042297,0.144431,0.073332,0.714138
ACAAGTAATTGTAAGG-1,0.000123,0.236538,0.000123,0.695338,0.000123,0.067509,0.000246
ACAATAGTCGTACGTT-1,0.208246,0.671198,0.000299,0.059148,0.005385,0.004259,0.051465
ACAATCCATTTAAACC-1,0.04963,0.049406,0.021421,0.092196,0.224911,0.193631,0.368806
ACAATCGATCTTTATA-1,0.002632,0.005265,0.219177,0.005265,0.002632,0.359073,0.405955
ACAATGAATACGGAGA-1,0.070521,0.406836,0.022371,0.334631,0.00002,0.115309,0.050311
ACAATGATTCTTCTAC-1,0.000107,0.000215,0.000107,0.666177,0.333071,0.000107,0.000215
ACAATTGTGTCTCTTT-1,0.031298,0.264999,0.000187,0.63511,0.067845,0.000187,0.000375
ACAATTTAGGAGGCTC-1,0.13481,0.000014,0.029215,0.000014,0.705604,0.000007,0.130336
ACAATTTGAGCAGTGG-1,0.000019,0.683764,0.000019,0.137088,0.006774,0.001629,0.170708
ACAATTTGGCCATATT-1,0.090417,0.132322,0.008068,0.546664,0.018737,0.080676,0.123115
ACACAAAGACGGGTGG-1,0.172024,0.144538,0.264064,0.065289,0.085558,0.119786,0.148741
ACACAAATATTCCTAG-1,0.000349,0.000697,0.001105,0.860688,0.136116,0.000349,0.000697
ACACACCAGGACCAGT-1,0.000071,0.276905,0.000071,0.609611,0.000071,0.056057,0.057213
ACACACTTTCTACACG-1,0.000018,0.924284,0.017224,0.048462,0.000018,0.000018,0.009976
ACACATGATCAAATCT-1,0.055694,0.31108,0.011639,0.498323,0.012379,0.045701,0.065185
ACACATTGACGCAACA-1,0.013863,0.138564,0.083921,0.610319,0.013735,0.039196,0.100402
ACACATTTCCGTAGAC-1,0.00011,0.157078,0.048596,0.783578,0.00011,0.010308,0.00022
ACACCACATAATTAGC-1,0.04867,0.090836,0.0001,0.767501,0.044675,0.0001,0.04812
ACACCCAGCATGCAGC-1,0.180133,0.136047,0.159183,0.025338,0.062733,0.209638,0.226928
ACACCCGAGAAATCCG-1,0.022138,0.099346,0.051568,0.003375,0.132648,0.073068,0.617857
ACACCCGTAAATCTGT-1,0.001516,0.003031,0.001516,0.767544,0.221847,0.001516,0.003031
ACACCGAGCGCTCTTT-1,0.030202,0.095345,0.000107,0.583702,0.067147,0.045802,0.177696
ACACCGGTCTGACCGC-1,0.090099,0.222173,0.032206,0.555503,0.000052,0.085671,0.014295
ACACCTTAAGTAGGGC-1,0.000006,0.590454,0.000634,0.035375,0.000006,0.36645,0.007076
ACACCTTACTACTTGC-1,0.019896,0.190032,0.000078,0.752065,0.009173,0.005686,0.02307
ACACGAGACTCCTTCT-1,0.000007,0.185265,0.000007,0.023606,0.062365,0.312946,0.415804
ACACGGCACTATGCAT-1,0.000667,0.001334,0.000667,0.744479,0.07228,0.000667,0.179907
ACACGGGAACTTAGGG-1,0.000026,0.430418,0.019126,0.039215,0.070026,0.246385,0.194805
ACACGTAGGCCACAAG-1,0.000218,0.18603,0.000218,0.81266,0.000218,0.000218,0.000437
ACACTCCAATGTCACT-1,0.106213,0.253558,0.000073,0.432401,0.000073,0.092982,0.114701
ACACTGATCAAGGTGT-1,0.000008,0.547732,0.026624,0.030688,0.000008,0.350379,0.044561
ACACTGGGACAGTCGT-1,0.000234,0.332569,0.000234,0.666026,0.000234,0.000234,0.000469
ACAGAACTGAGAACAA-1,0.061998,0.260642,0.034937,0.374864,0.00608,0.156372,0.105107
ACAGATTAGGTTAGTG-1,0.02763,0.000064,0.114332,0.015953,0.365166,0.000032,0.476824
ACAGCATAGAGCCAGT-1,0.039655,0.000265,0.273619,0.011358,0.371439,0.00001,0.303654
ACAGCGACATTCTCAT-1,0.00022,0.00044,0.00022,0.998241,0.00022,0.00022,0.00044
ACAGCGCACCCGCAGC-1,0.00115,0.0023,0.402382,0.0023,0.460521,0.00115,0.130199
ACAGGAGGCGCAGCCG-1,0.061883,0.264286,0.000221,0.501499,0.08253,0.089138,0.000443
ACAGGCACGGATCCTT-1,0.034061,0.000483,0.000242,0.54691,0.075213,0.03577,0.307321
ACAGGCTTGCCCGACT-1,0.048711,0.000302,0.043521,0.850852,0.000151,0.000151,0.056313
ACAGGTGGAGGTGAGG-1,0.004845,0.5716,0.051227,0.01959,0.011189,0.224707,0.116842
ACAGGTGTGTTGTTGC-1,0.25466,0.000141,0.052787,0.304106,0.319416,0.00007,0.06882
ACAGTAATACAACTTG-1,0.29445,0.035839,0.000684,0.474248,0.020065,0.073708,0.101006
ACAGTATACCGTGGGA-1,0.000292,0.033806,0.000292,0.964445,0.000292,0.000292,0.000583
ACAGTGCAGCGCATTT-1,0.000553,0.001105,0.000553,0.587358,0.408773,0.000553,0.001105
ACATAAGTCGTGGTGA-1,0.078119,0.199661,0.135388,0.380602,0.000045,0.108645,0.09754
ACATAATAAGGCGGTG-1,0.023159,0.425226,0.139894,0.049273,0.07179,0.003083,0.287575
ACATACAATCAAGCGG-1,0.000297,0.068349,0.000297,0.66532,0.000297,0.208173,0.057267
ACATCAGCTGGGACGC-1,0.240201,0.000025,0.083472,0.001549,0.575787,0.000013,0.098953
ACATCCCGGCCATACG-1,0.000047,0.436902,0.05313,0.113854,0.007564,0.051902,0.336601
ACATCCTGGTAACTGT-1,0.000126,0.180814,0.000126,0.663456,0.000126,0.028828,0.126523
ACATCGATCGTTTACC-1,0.000009,0.000018,0.015687,0.002287,0.214275,0.12925,0.638474
ACATCGCAATATTCGG-1,0.00013,0.281467,0.00013,0.717752,0.00013,0.00013,0.00026
ACATCGGTCAGCCGCG-1,0.065435,0.01542,0.020452,0.038022,0.058237,0.23915,0.563284
ACATCGTATGCAATGG-1,0.068562,0.000077,0.000039,0.512089,0.009872,0.026189,0.383172
ACATCGTTAACCTAGT-1,0.059744,0.000797,0.000399,0.480733,0.269401,0.000399,0.188528
ACATCTCAACGCGTAA-1,0.105656,0.00125,0.000625,0.126973,0.506478,0.000625,0.258392
ACATGCTTACGGCAGC-1,0.000113,0.257962,0.001482,0.681001,0.000113,0.059103,0.000226
ACATGGCGCCAAAGTA-1,0.00008,0.151696,0.00756,0.662949,0.005934,0.002407,0.169375
ACATGGCTCAATTTAG-1,0.062151,0.010472,0.000154,0.84876,0.000154,0.027517,0.050791
ACATTAGTTTATATCC-1,0.212596,0.116403,0.333677,0.034564,0.022787,0.051779,0.228194
ACATTCGCGCGGAATA-1,0.000057,0.123363,0.016681,0.772734,0.000057,0.085983,0.001125
ACATTTGAAACCTAAC-1,0.000196,0.000392,0.000196,0.898669,0.000196,0.099961,0.000392
ACCAAACACCCAGCGA-1,0.013339,0.082912,0.00017,0.869429,0.033638,0.00017,0.000341
ACCAAACTAGAAATCC-1,0.000595,0.062266,0.000595,0.697392,0.000595,0.000595,0.237961
ACCAACACCACACACT-1,0.000219,0.070704,0.000219,0.764207,0.163994,0.000219,0.000438
ACCAACCGCACTCCAC-1,0.000202,0.000405,0.000202,0.822713,0.000202,0.1111,0.065174
ACCAACGCTTATTTAT-1,0.000026,0.989511,0.000026,0.010333,0.000026,0.000026,0.000052
ACCAAGAACGCGTGTC-1,0.000008,0.897342,0.001703,0.069247,0.000008,0.029357,0.002335
ACCAAGTCATCGGCAG-1,0.000291,0.000582,0.000291,0.997674,0.000291,0.000291,0.000582
ACCAATATGCAAGTTA-1,0.000109,0.000217,0.000109,0.777258,0.018129,0.000109,0.20407
ACCACAACTCAGAACA-1,0.000025,0.00005,0.000025,0.346693,0.624231,0.000032,0.028945
ACCACAAGTTTCTATC-1,0.133311,0.030202,0.394044,0.01042,0.101582,0.022186,0.308254
ACCACACGGTTGATGG-1,0.000172,0.158992,0.104646,0.735504,0.000172,0.000172,0.000343
ACCACCAATGTAACAA-1,0.011856,0.21038,0.000061,0.673381,0.053437,0.006947,0.043938
ACCACCCTCTCTTCTA-1,0.000294,0.237972,0.000294,0.760263,0.000294,0.000294,0.000588
ACCACGTGCAGCTATA-1,0.000004,0.000008,0.000004,0.056267,0.025177,0.343439,0.575102
ACCACTGTTCAAGAAG-1,0.088485,0.124321,0.000097,0.640748,0.016979,0.024288,0.105081
ACCAGACCATAACAAC-1,0.130157,0.000012,0.100704,0.061945,0.308593,0.022696,0.375894
ACCAGCCCGGTCTTTG-1,0.001031,0.647144,0.001031,0.002062,0.345637,0.001031,0.002062
ACCAGGAGTGTGATCT-1,0.001352,0.431542,0.001352,0.002704,0.001352,0.001352,0.560348
ACCAGTGCCCGGTCAA-1,0.001462,0.000055,0.034638,0.43039,0.533372,0.000028,0.000055
ACCAGTGCGGGAGACG-1,0.000128,0.169394,0.000128,0.744546,0.000128,0.000128,0.085546
ACCATATCCGCAATAA-1,0.259076,0.104881,0.085507,0.073972,0.050611,0.143543,0.282411
ACCATCCGCCAACTAG-1,0.230323,0.014432,0.004553,0.455266,0.140061,0.056136,0.099228
ACCATCGTATATGGTA-1,0.300485,0.044467,0.167382,0.138815,0.020549,0.158772,0.169531
ACCATTAAGGGTGTCA-1,0.050952,0.123585,0.00012,0.723954,0.00012,0.060631,0.040638
ACCCAACGCCCGTGGC-1,0.017289,0.59563,0.016122,0.021235,0.161536,0.084629,0.103558
ACCCACCTACATGCTC-1,0.139881,0.384631,0.002579,0.001286,0.000135,0.290225,0.181264
ACCCATCTTGAGGGTA-1,0.125756,0.000306,0.047567,0.504029,0.064589,0.000153,0.2576
ACCCATTTGTCCCTCT-1,0.000219,0.000438,0.000219,0.998249,0.000219,0.000219,0.000438
ACCCGAGCGAAATTAC-1,0.002036,0.221005,0.053545,0.519483,0.005839,0.133566,0.064525
ACCCGATTGGTTCCGA-1,0.000153,0.159066,0.082553,0.729758,0.000153,0.000153,0.028165
ACCCGGAAACTCCCAG-1,0.000097,0.001607,0.205247,0.534183,0.033648,0.185879,0.039339
ACCCGGAGCACCACAA-1,0.0347,0.205318,0.000142,0.752867,0.000142,0.006547,0.000283
ACCCGGATGACGCATC-1,0.141822,0.239812,0.000102,0.48962,0.079549,0.018133,0.030962
ACCCGGTTACACTTCC-1,0.000051,0.156568,0.325837,0.128996,0.017624,0.027918,0.343007
ACCCGTAGCAGAGAAT-1,0.017663,0.160632,0.000054,0.808247,0.000054,0.013243,0.000108
ACCCGTAGTCTAGTTG-1,0.000332,0.14226,0.000332,0.831624,0.000332,0.024454,0.000665
ACCCGTGTCATCAGTA-1,0.000017,0.608365,0.054792,0.008511,0.000017,0.324533,0.003765
ACCCTATAGGACTGAG-1,0.136155,0.266874,0.000092,0.373411,0.000183,0.014298,0.208987
ACCCTATGCCATATCG-1,0.00416,0.474778,0.068096,0.178919,0.052403,0.123857,0.097786
ACCCTCCCGTCAGGGC-1,0.00023,0.00046,0.00023,0.869987,0.00023,0.00023,0.128633
ACCCTCCCTTGCTATT-1,0.043473,0.000204,0.034666,0.638663,0.020683,0.069023,0.193288
ACCCTGGTAACGCCCT-1,0.000272,0.128266,0.000272,0.768966,0.000272,0.000272,0.101681
ACCCTTCATCTGCGAA-1,0.021096,0.625973,0.012682,0.205997,0.050155,0.003811,0.080285
ACCCTTGCCTGGGTCG-1,0.000699,0.001399,0.000699,0.994404,0.000699,0.0007,0.001399
ACCCTTTAGTTCTCCA-1,0.001755,0.00351,0.278367,0.00351,0.303984,0.001755,0.407119
ACCGAAAGGGCCCTGC-1,0.116105,0.429272,0.09628,0.107484,0.051499,0.128229,0.07113
ACCGAAGAGTCTGGTT-1,0.067523,0.128812,0.060959,0.439407,0.012096,0.094706,0.196497
ACCGACACATCTCCCA-1,0.000156,0.058713,0.098365,0.684821,0.029666,0.000156,0.128123
ACCGACTGAGTCCCAC-1,0.000009,0.646182,0.00194,0.044859,0.045661,0.066033,0.195317
ACCGAGTCTCCTTATT-1,0.000169,0.000339,0.117544,0.849663,0.002305,0.000169,0.029811
ACCGATAGGCATAACC-1,0.000211,0.265578,0.000211,0.733153,0.000211,0.000211,0.000423
ACCGATATTTAATCAT-1,0.000213,0.23915,0.000213,0.75957,0.000213,0.000213,0.000427
ACCGATGGTAGCATCG-1,0.146042,0.259499,0.015738,0.302694,0.089635,0.046663,0.139729
ACCGCAATAACTGCCT-1,0.015811,0.000095,0.000047,0.702643,0.002761,0.039683,0.23896
ACCGCGGTGGAAGTCG-1,0.000072,0.353183,0.000072,0.514064,0.03858,0.00961,0.084418
ACCGCTAGTCATTGGT-1,0.000087,0.176998,0.000087,0.765935,0.037729,0.017542,0.001623
ACCGGGCCTTTGTTGA-1,0.000125,0.302399,0.000125,0.696853,0.000125,0.000125,0.000249
ACCGGTCAGGTACACC-1,0.041449,0.210767,0.040101,0.478,0.01186,0.101004,0.116819
ACCGGTCTGAGTACGG-1,0.073853,0.000069,0.015067,0.250569,0.66034,0.000034,0.000069
ACCGTCCACTGGGCCC-1,0.014774,0.120785,0.008875,0.570701,0.00463,0.129266,0.150969
ACCGTGACCACGTGGG-1,0.015436,0.084423,0.027318,0.195905,0.176967,0.34463,0.155321
ACCGTTCCCGCTCTGA-1,0.051972,0.000493,0.000246,0.000493,0.081683,0.000246,0.864866
ACCTAAGTACCTTTCA-1,0.000098,0.352348,0.034881,0.007834,0.003561,0.486785,0.114494
ACCTAATCGACTTCCT-1,0.97451,0.015162,0.000011,0.000023,0.000011,0.006532,0.003751
ACCTACAGTATGTGGT-1,0.037325,0.299079,0.063484,0.453313,0.084244,0.000086,0.062469
ACCTACTATAAATCTA-1,0.000137,0.24951,0.106615,0.622031,0.000137,0.000137,0.021435
ACCTCAGCGAGGCGCA-1,0.000336,0.000671,0.000336,0.889851,0.000336,0.107799,0.000671
ACCTCCGCCCTCGCTG-1,0.000165,0.255011,0.000165,0.666839,0.000165,0.039952,0.037705
ACCTCCGTTATTCACC-1,0.117072,0.177101,0.003244,0.478769,0.081722,0.021446,0.120646
ACCTCGAACTTATGCT-1,0.068269,0.261513,0.080195,0.455545,0.057168,0.033038,0.044273
ACCTGCGTGTCATGTT-1,0.280442,0.090024,0.005206,0.372607,0.080642,0.072815,0.098262
ACCTTTCCTTTAGAAG-1,0.001755,0.606706,0.001755,0.121365,0.263154,0.001755,0.00351
ACGAAATGGGCGGCAC-1,0.50829,0.006799,0.023654,0.010584,0.164341,0.006101,0.280232
ACGACCCATGAGTTGC-1,0.00021,0.067785,0.00021,0.760295,0.00021,0.00021,0.171081
ACGACTCTAGGGCCGA-1,0.000174,0.000349,0.000174,0.769442,0.000174,0.160787,0.0689
ACGACTGGTCATACTC-1,0.000112,0.293125,0.000112,0.59976,0.076159,0.01849,0.012242
ACGAGAACCCATCACG-1,0.000007,0.401709,0.000007,0.024821,0.052136,0.05411,0.467209
ACGAGATATTTGCTTA-1,0.07488,0.002041,0.22418,0.002042,0.292407,0.402409,0.002041
ACGAGGATACCACTCT-1,0.080163,0.108522,0.047826,0.535016,0.000084,0.065772,0.162617
ACGAGGTTTACAACGT-1,0.062536,0.335626,0.034882,0.292845,0.067475,0.034924,0.171712
ACGAGTACGGATGCCC-1,0.043326,0.10086,0.022238,0.668244,0.017632,0.000144,0.147556
ACGAGTCGCCGGCGTT-1,0.093569,0.076859,0.000154,0.661591,0.040605,0.049707,0.077515
ACGATACATAGAACTA-1,0.034773,0.620145,0.001181,0.201385,0.13064,0.000023,0.011854
ACGATACCTATCCTGA-1,0.19622,0.002745,0.0019,0.124145,0.457854,0.07041,0.146726
ACGATCATACATAGAG-1,0.005411,0.16017,0.069295,0.047326,0.079751,0.095156,0.54289
ACGATCATCTTGTAAA-1,0.143681,0.283929,0.049661,0.447312,0.00009,0.008965,0.066362
ACGATGCATATGTTAT-1,0.198872,0.104535,0.019664,0.263785,0.017011,0.175354,0.220779
ACGATGGATCCGATGC-1,0.176607,0.000893,0.000447,0.291126,0.3213,0.000447,0.20918
ACGCAAACTAATAGAT-1,0.147441,0.481941,0.059573,0.059838,0.049876,0.084904,0.116427
ACGCAATCACTACAGC-1,0.000184,0.144066,0.086909,0.720235,0.044977,0.00326,0.000368
ACGCATAAATGACATG-1,0.001517,0.000127,0.000064,0.585006,0.413095,0.000064,0.000127
ACGCATACGTTTACTA-1,0.037072,0.079684,0.000175,0.682819,0.000175,0.199727,0.000349
ACGCATTCGTGAGTAC-1,0.000011,0.084844,0.088694,0.007862,0.165989,0.16946,0.48314
ACGCCACTCGAAACAG-1,0.000114,0.157309,0.121043,0.672066,0.000114,0.000114,0.049239
ACGCCAGATGATTTCT-1,0.093529,0.107291,0.050543,0.255621,0.385099,0.063038,0.044879
ACGCCAGTGCGTTTGC-1,0.000314,0.000627,0.000314,0.887963,0.000314,0.054172,0.056297
ACGCCCAGCTGTCGAT-1,0.173046,0.205677,0.000944,0.32683,0.000944,0.000944,0.291615
ACGCCGCTAGACGACC-1,0.030327,0.005459,0.000007,0.0419,0.210234,0.077455,0.63462
ACGCCTGACACGCGCT-1,0.074885,0.179431,0.000278,0.744295,0.000278,0.000278,0.000556
ACGCGAAGTCAGACGA-1,0.052261,0.021414,0.424438,0.006239,0.033102,0.080042,0.382504
ACGCGCTACACAGGGT-1,0.798033,0.000019,0.201889,0.000019,0.00001,0.00001,0.000019
ACGCGGGCCAAGGACA-1,0.000007,0.184155,0.159324,0.005642,0.087786,0.021784,0.541303
ACGCGTTTCTTAAGAG-1,0.063497,0.104492,0.000005,0.003331,0.383086,0.262988,0.182601
ACGCTACTGAATGGGC-1,0.000685,0.00137,0.000685,0.766656,0.000685,0.228548,0.00137
ACGCTAGTATCAGTGC-1,0.077752,0.002062,0.20288,0.554399,0.159814,0.001031,0.002062
ACGCTAGTGATACACT-1,0.000178,0.112829,0.135181,0.675263,0.034112,0.000178,0.042259
ACGCTGTGAGGCGTAG-1,0.131497,0.003745,0.052884,0.020896,0.392574,0.068695,0.329708
ACGCTTAGTGTCTCTC-1,0.395998,0.000386,0.000193,0.104225,0.498618,0.000193,0.000386
