Barcode,Topic 1,Topic 2to3,Topic 4to6,Topic 7to10
AAACAACGAATAGTTC-1,0.000085,0.186317,0.580548,0.233051
AAACAAGTATCTCCCA-1,0.000096,0.217166,0.781523,0.001216
AAACAATCTACTAGCA-1,0.092335,0.061361,0.028075,0.818229
AAACACCAATAACTGC-1,0.123218,0.305335,0.382009,0.189438
AAACAGAGCGACTCCT-1,0.000005,0.00001,0.177315,0.822669
AAACAGCTTTCAGAAG-1,0.245119,0.000111,0.524653,0.230116
AAACAGGGTCTATATT-1,0.248144,0.002281,0.554643,0.194932
AAACAGTGTTCCTGGG-1,0.000071,0.208311,0.655179,0.136438
AAACATGGTGAGAGGA-1,0.076905,0.099482,0.650257,0.173356
AAACATTTCCCGGATT-1,0.065026,0.000382,0.871594,0.062998
AAACCACTACACAGAT-1,0.000159,0.000318,0.584813,0.41471
AAACCCGAACGAAATC-1,0.000061,0.201572,0.68973,0.108637
AAACCGGAAATGTTAA-1,0.00011,0.113531,0.795713,0.090646
AAACCGGGTAGGTACC-1,0.190825,0.016398,0.038239,0.754539
AAACCGTTCGTCCAGG-1,0.033452,0.346014,0.14034,0.480194
AAACCTAAGCAGCCGG-1,0.000132,0.000265,0.803066,0.196537
AAACCTCATGAAGTTG-1,0.206507,0.015796,0.013804,0.763893
AAACGAAGAACATACC-1,0.000614,0.001227,0.212369,0.78579
AAACGAAGATGGAGTA-1,0.104586,0.042634,0.623811,0.22897
AAACGACAGTCTTGCC-1,0.000186,0.000372,0.603328,0.396114
AAACGAGACGGTTGAT-1,0.020765,0.51385,0.034511,0.430874
AAACGCCCGAGATCGG-1,0.000043,0.000086,0.427029,0.572841
AAACGCTGGGCACGAC-1,0.000369,0.038383,0.959771,0.001476
AAACGGGCGTACGGGT-1,0.000135,0.00027,0.771309,0.228286
AAACGGGTTGGTATCC-1,0.033679,0.119631,0.456061,0.390628
AAACGGTTGCGAACTG-1,0.000128,0.258014,0.653038,0.08882
AAACGTGTTCGCCCTA-1,0.000238,0.000476,0.941312,0.057973
AAACTAACGTGGCGAC-1,0.000069,0.000137,0.70033,0.299464
AAACTCGGTTCGCAAT-1,0.000164,0.000329,0.92109,0.078417
AAACTCGTGATATAAG-1,0.00028,0.21995,0.778649,0.001121
AAACTGCTGGCTCCAA-1,0.019705,0.000048,0.409729,0.570518
AAACTTAATTGCACGC-1,0.070368,0.220775,0.529004,0.179853
AAACTTGCAAACGTAT-1,0.320969,0.062151,0.298026,0.318854
AAAGAATGACCTTAGA-1,0.034154,0.137005,0.594818,0.234022
AAAGAATGTGGACTAA-1,0.05011,0.000528,0.700583,0.248779
AAAGACATGAAGTTTA-1,0.108324,0.000095,0.309554,0.582027
AAAGACCCAAGTCGCG-1,0.000013,0.305154,0.383777,0.311057
AAAGACTGGGCGCTTT-1,0.051436,0.000011,0.000389,0.948163
AAAGCTTGCCTACATA-1,0.000243,0.069961,0.740324,0.189472
AAAGGCCCTATAATAC-1,0.007938,0.203049,0.708289,0.080724
AAAGGCTACGGACCAT-1,0.00005,0.185993,0.671847,0.142111
AAAGGCTCTCGCGCCG-1,0.038332,0.345808,0.213953,0.401907
AAAGGGATGTAGCAAG-1,0.011171,0.179475,0.0953,0.714054
AAAGGGCAGCTTGAAT-1,0.930274,0.069649,0.000033,0.000044
AAAGGTAAGCTGTACC-1,0.000071,0.000143,0.548059,0.451728
AAAGGTCAACGACATG-1,0.000578,0.001156,0.482,0.516265
AAAGTAGCATTGCTCA-1,0.033814,0.395148,0.203992,0.367046
AAAGTCACTGATGTAA-1,0.097862,0.244242,0.353605,0.30429
AAAGTCGACCCTCAGT-1,0.85574,0.000044,0.060972,0.083244
AAAGTGCCATCAATTA-1,0.000217,0.000435,0.807753,0.191595
AAAGTGTGATTTATCT-1,0.000069,0.339237,0.584391,0.076302
AAAGTTGACTCCCGTA-1,0.000118,0.289776,0.675693,0.034414
AAATAACCATACGGGA-1,0.060309,0.000027,0.111488,0.828176
AAATAAGGTAGTGCCC-1,0.042515,0.268835,0.572529,0.116121
AAATACCTATAAGCAT-1,0.000025,0.00005,0.454845,0.54508
AAATAGCTTAGACTTT-1,0.138623,0.239491,0.475068,0.146818
AAATAGGGTGCTATTG-1,0.020938,0.000169,0.775443,0.203451
AAATCACTCCTAAACG-1,0.000498,0.000995,0.733414,0.265093
AAATCCGATACACGCC-1,0.000121,0.000243,0.76361,0.236026
AAATCGCGGAAGGAGT-1,0.095437,0.055861,0.583641,0.265061
AAATCGTGTACCACAA-1,0.000008,0.189523,0.167172,0.643297
AAATCTAGCCCTGCTA-1,0.000128,0.16988,0.819859,0.010134
AAATCTGCCCGCGTCC-1,0.000037,0.142382,0.737417,0.120165
AAATGACTGATCAAAC-1,0.000132,0.21149,0.680941,0.107437
AAATGATTCGATCAGC-1,0.00034,0.197392,0.800906,0.001361
AAATGCTCGTTACGTT-1,0.23172,0.125457,0.081933,0.560891
AAATGGCATGTCTTGT-1,0.00007,0.129215,0.578802,0.291913
AAATGGCCCGTGCCCT-1,0.11352,0.072741,0.593273,0.220466
AAATGGTCAATGTGCC-1,0.11374,0.096691,0.139606,0.649963
AAATGTATCTTATCCC-1,0.36081,0.061243,0.088044,0.489903
AAATGTGGGTGCTCCT-1,0.000082,0.317424,0.355048,0.327446
AAATTAACGGGTAGCT-1,0.000005,0.466701,0.000946,0.532349
AAATTAATAAGCGCGA-1,0.097971,0.001447,0.009053,0.891529
AAATTACACGACTCTG-1,0.194204,0.000056,0.256964,0.548775
AAATTACCTATCGATG-1,0.000172,0.11702,0.821816,0.060992
AAATTCCAGGTCCAAA-1,0.125871,0.137842,0.586868,0.149419
AAATTGATAGTCCTTT-1,0.143218,0.499327,0.154039,0.203416
AAATTGCGGCGGTTCT-1,0.000146,0.155004,0.698736,0.146114
AAATTGGTGAGAAGCA-1,0.019192,0.000848,0.820285,0.159675
AAATTTACCGAAATCC-1,0.089065,0.013583,0.31168,0.585673
AAATTTGCGGGTGTGG-1,0.060357,0.003245,0.077643,0.858755
AACAACTGGTAGTTGC-1,0.099126,0.16486,0.016831,0.719183
AACAATACATTGTCGA-1,0.000047,0.203912,0.704851,0.091189
AACAATTACTCTACGC-1,0.930679,0.065532,0.000013,0.003776
AACACACGCTCGCCGC-1,0.027067,0.092669,0.776134,0.10413
AACACGACTGTACTGA-1,0.068506,0.007145,0.010717,0.913632
AACACGAGACGCGGCC-1,0.439238,0.077619,0.048771,0.434371
AACACGCGGCCGCGAA-1,0.071299,0.41917,0.103297,0.406234
AACAGCTGTGTGGCAA-1,0.058249,0.249651,0.691021,0.001079
AACAGGAAATCGAATA-1,0.05131,0.239377,0.44055,0.268764
AACAGGATGGGCCGCG-1,0.103421,0.383993,0.189443,0.323143
AACAGGTAGTATGGAT-1,0.000115,0.303335,0.663468,0.033082
AACATAGCGTGTATCG-1,0.000962,0.088876,0.684051,0.226112
AACATATCAACTGGTG-1,0.000142,0.081164,0.785242,0.133452
AACATCGATACGTCTA-1,0.000275,0.238951,0.581376,0.179398
AACATTGAAGTTGATC-1,0.000073,0.289064,0.586674,0.124189
AACATTGGTCAGCCGT-1,0.022273,0.243382,0.655521,0.078823
AACATTGTGACTCGAG-1,0.00162,0.104298,0.742654,0.151429
AACCAAGACTTCTCTG-1,0.064248,0.48717,0.019334,0.429248
AACCAGTATCACTCTT-1,0.083985,0.000064,0.30987,0.606081
AACCATAGGGTTGAAC-1,0.052237,0.227468,0.535748,0.184547
AACCATGGGATCGCTA-1,0.075252,0.204397,0.018815,0.701536
AACCCAGAGACGGAGA-1,0.101842,0.277258,0.118935,0.501965
AACCCATCCCATGATC-1,0.08454,0.186586,0.455894,0.27298
AACCCGACAACCCGTG-1,0.000072,0.26515,0.571852,0.162925
AACCCGAGCAGAATCG-1,0.00013,0.226243,0.773108,0.000519
AACCCGATAGGGCTTC-1,0.000654,0.001308,0.90007,0.097969
AACCCGCTGTATTCCA-1,0.000137,0.277654,0.585086,0.137123
AACCCTACTGTCAATA-1,0.000098,0.374079,0.403451,0.222371
AACCCTGGTGGAACCA-1,0.081227,0.0023,0.003449,0.913025
AACCGAGCTTGGTCAT-1,0.079417,0.660879,0.118431,0.141273
AACCGCTAAGGGATGC-1,0.026127,0.329989,0.587391,0.056493
AACCGTTGTGTTTGCT-1,0.002638,0.261066,0.272474,0.463823
AACCTAAAGCCGTCCG-1,0.138379,0.002198,0.34745,0.511973
AACCTCGCTTTAGCCC-1,0.00015,0.000301,0.789327,0.210222
AACCTGTCACGGAATT-1,0.118808,0.148356,0.584315,0.148521
AACCTTTAAATACGGT-1,0.000114,0.000228,0.898197,0.101461
AACCTTTACGACGTCT-1,0.142443,0.000029,0.306704,0.550824
AACGAAAGTCGTCCCA-1,0.044952,0.164519,0.521391,0.269138
AACGACCTCCTAGCCG-1,0.000429,0.000859,0.996995,0.001717
AACGATAATGCCGTAG-1,0.017497,0.000226,0.770483,0.211794
AACGATAGAAGGGCCG-1,0.289256,0.333272,0.122548,0.254925
AACGATATGTCAACTG-1,0.070899,0.473103,0.108387,0.34761
AACGCATGATCTGGGT-1,0.02862,0.20174,0.768231,0.001409
AACGCGAACGGCAACA-1,0.061442,0.15876,0.628851,0.150947
AACGCGACCTTGGGCG-1,0.000118,0.160735,0.761568,0.07758
AACGCGGTCTCCAGCC-1,0.783038,0.089131,0.110777,0.017054
AACGCTGTTGCTGAAA-1,0.000125,0.00025,0.894096,0.10553
AACGGACGTACGTATA-1,0.000101,0.103081,0.778515,0.118303
AACGGCCATCTCCGGT-1,0.000005,0.101108,0.073323,0.825564
AACGTACTGTGGGTAC-1,0.127135,0.275163,0.160247,0.437456
AACGTAGTCTACCCAT-1,0.427886,0.05606,0.13632,0.379734
AACGTCAGACTAGTGG-1,0.000004,0.125347,0.012601,0.862047
AACGTCATCCGGCTTG-1,0.00019,0.175127,0.823924,0.000759
AACGTCGCTGCACTTC-1,0.000256,0.019676,0.739349,0.240719
AACGTGATGAAGGACA-1,0.00033,0.203776,0.105372,0.690522
AACGTGCGAAAGTCTC-1,0.000003,0.090807,0.030378,0.878812
AACGTTATCAGCACCT-1,0.067193,0.13428,0.505116,0.293411
AACGTTCTACCATTGT-1,0.001087,0.002175,0.992389,0.004349
AACTACCCGTTTGTCA-1,0.000108,0.228602,0.750574,0.020717
AACTAGCGTATCGCAC-1,0.02393,0.306249,0.09428,0.57554
AACTAGGCTTGGGTGT-1,0.000086,0.088958,0.644753,0.266203
AACTCAAGTTAATTGC-1,0.396908,0.000161,0.483778,0.119153
AACTCCAGAGCGTGTT-1,0.046781,0.000427,0.852771,0.100021
AACTCCTAATCCCATG-1,0.005614,0.000029,0.132771,0.861586
AACTCGATAAACACGT-1,0.095081,0.170385,0.570771,0.163764
AACTCGATGGCGCAGT-1,0.202628,0.211041,0.275203,0.311128
AACTCTCAATAGAGCG-1,0.190818,0.247481,0.454102,0.107598
AACTCTCAGTGTGCTC-1,0.000013,0.381266,0.074044,0.544677
AACTGAGGTCAGCGTC-1,0.030668,0.000201,0.659843,0.309288
AACTGAGTTATACTGA-1,0.02536,0.186196,0.787836,0.000608
AACTGATATTAGGCCT-1,0.051504,0.29651,0.335991,0.315995
AACTGGGTCCCGACGT-1,0.000012,0.960843,0.039098,0.000047
AACTGGGTTCGAGCCG-1,0.102688,0.076755,0.195127,0.62543
AACTGGTGTGGGCCTT-1,0.024719,0.147696,0.108846,0.718739
AACTTCTGCGTCTATC-1,0.059557,0.072921,0.550451,0.317071
AACTTGCCCGTATGCA-1,0.173104,0.012311,0.004392,0.810193
AACTTGCGTTCTCGCG-1,0.174944,0.303152,0.485162,0.036742
AACTTTACGGGAGCTT-1,0.887276,0.000015,0.000022,0.112687
AACTTTAGCTGCTGAG-1,0.00001,0.364675,0.010878,0.624437
AACTTTCTCGATCATG-1,0.000516,0.001031,0.996391,0.002062
AAGAAAGTTTGATGGG-1,0.000115,0.28692,0.701907,0.011058
AAGAAATCACCAGATT-1,0.000585,0.00117,0.995905,0.00234
AAGAAGGATCAGTTAG-1,0.353198,0.172355,0.253818,0.220629
AAGACATACGTGGTTT-1,0.00031,0.000619,0.785602,0.213469
AAGACCAAATAACTCA-1,0.046283,0.105887,0.554238,0.293592
AAGACCCAACTGAACA-1,0.01808,0.445094,0.185284,0.351542
AAGACTAACCCGTTGT-1,0.000091,0.271913,0.569745,0.158252
AAGACTCACGCCCACT-1,0.087779,0.000083,0.357401,0.554737
AAGACTGCAAGCTACT-1,0.000005,0.034714,0.013802,0.951478
AAGAGATGAATCGGTA-1,0.02698,0.037005,0.058193,0.877822
AAGAGCTCTTTATCGG-1,0.000005,0.346876,0.033463,0.619656
AAGAGGATGTACGCGA-1,0.7658,0.000021,0.145302,0.088878
AAGAGGCATGGATCGC-1,0.43333,0.147812,0.098476,0.320382
AAGAGGCCCTTTGGAA-1,0.000162,0.246077,0.750269,0.003492
AAGATGGCACCGGACC-1,0.06684,0.603059,0.135946,0.194156
AAGATTGGCGGAACGT-1,0.00007,0.048564,0.821078,0.130287
AAGCACCCTGCGTATC-1,0.00015,0.000299,0.872916,0.126635
AAGCATACTCTCCTGA-1,0.000118,0.000235,0.818516,0.181131
AAGCCACTTGCAGGTA-1,0.000062,0.109257,0.80952,0.081161
AAGCCGAAGCGGTTTA-1,0.000123,0.256084,0.735891,0.007902
AAGCCGCCGTGAAATC-1,0.012551,0.126472,0.597138,0.263839
AAGCCGCTTTACCTTG-1,0.000553,0.001105,0.996131,0.002211
AAGCCGGAGAGCAGGA-1,0.000244,0.231301,0.76748,0.000976
AAGCGCAGGGCTTTGA-1,0.000147,0.003064,0.922812,0.073978
AAGCGGAGTGCGCGCA-1,0.092031,0.001093,0.859474,0.047402
AAGCGGCGTCATGGGT-1,0.025047,0.000069,0.303815,0.671069
AAGCGTCCCTCATCGA-1,0.0843,0.212723,0.363582,0.339395
AAGCTAGATCGAGTAA-1,0.005245,0.000051,0.727627,0.267077
AAGCTATGGATTGACC-1,0.038694,0.000328,0.960322,0.000656
AAGCTCGTGCCAAGTC-1,0.000005,0.054237,0.019847,0.925911
AAGCTCTTTCATGGTG-1,0.000183,0.000366,0.649287,0.350164
AAGGAGAACTTATAAG-1,0.000645,0.334234,0.66254,0.002581
AAGGAGCGGTTGGTGC-1,0.05922,0.552734,0.045847,0.342198
AAGGATCGATCGCTTG-1,0.030623,0.273287,0.562317,0.133772
AAGGATGAGGGACCTC-1,0.000065,0.04061,0.788592,0.170733
AAGGCAGGCTGTCTCC-1,0.032434,0.203519,0.58926,0.174787
AAGGCGCGTAAAGCTT-1,0.290989,0.051477,0.029557,0.627977
AAGGCTGTGCTCATCG-1,0.028072,0.294011,0.058865,0.619051
AAGGGAACGACTGGCT-1,0.102042,0.3078,0.517179,0.072979
AAGGGACAGATTCTGT-1,0.000143,0.052475,0.748558,0.198824
AAGGGACTATGCATTC-1,0.09652,0.214949,0.597801,0.09073
AAGGGTTAGCCATGCG-1,0.000813,0.001627,0.938874,0.058686
AAGGGTTTGATTTCAG-1,0.09105,0.008278,0.675493,0.22518
AAGGTATCCTAATATA-1,0.000066,0.144882,0.665845,0.189207
AAGGTGATAAACCAGC-1,0.000052,0.252479,0.706907,0.040563
AAGTAAGCTTCCAAAC-1,0.250944,0.12401,0.235468,0.389579
AAGTAGAAGACCGGGT-1,0.000007,0.163753,0.037982,0.798259
AAGTAGTGACGCGAGG-1,0.115675,0.043572,0.117582,0.723171
AAGTCAATTGTCGTCA-1,0.000138,0.278506,0.675746,0.04561
AAGTCTAGTAGCTGCC-1,0.000513,0.144728,0.852707,0.002052
AAGTCTTCTGTGGCCT-1,0.215083,0.000103,0.40863,0.376185
AAGTGACGACCGAATT-1,0.263193,0.000033,0.339213,0.397561
AAGTGAGTCGGGTTTA-1,0.008571,0.485922,0.211911,0.293597
AAGTGCAAAGGTAGAC-1,0.04162,0.00001,0.010215,0.948156
AAGTGCCTTGACTGTA-1,0.00011,0.329669,0.488281,0.18194
AAGTGCGTTAGAATCT-1,0.019918,0.316509,0.231547,0.432027
AAGTGCTTCTCTATTG-1,0.000129,0.324431,0.641804,0.033635
AAGTGTTTGGAGACGG-1,0.000088,0.000176,0.67041,0.329326
AAGTTCACTCCAAGCT-1,0.000163,0.000326,0.688295,0.311216
AAGTTCAGTCTGCGTA-1,0.000322,0.000643,0.906799,0.092236
AAGTTCGGCCAACAGG-1,0.642549,0.040692,0.074625,0.242135
AAGTTGTGATGTTATA-1,0.000319,0.000637,0.859219,0.139826
AAGTTTACTAATGGCA-1,0.002565,0.00513,0.007695,0.984611
AAGTTTATGGGCCCAA-1,0.000155,0.082831,0.916392,0.000621
AATAACAACGCTCGGC-1,0.017963,0.000011,0.038977,0.943048
AATAACACTAGAACAA-1,0.000007,0.997895,0.000638,0.00146
AATAACGTCGCGCCCA-1,0.000377,0.000755,0.98828,0.010587
AATAAGTCCTCGAGAC-1,0.000433,0.156641,0.530591,0.312335
AATAATCTTCGTATCG-1,0.017933,0.266371,0.71513,0.000566
AATACAATGTTTCAGG-1,0.183805,0.24603,0.286043,0.284122
AATACCGGAGGGCTGT-1,0.000075,0.136443,0.707158,0.156324
AATACCTGATGTGAAC-1,0.000211,0.000422,0.998523,0.000844
AATAGAACAGAGTGGC-1,0.000005,0.071173,0.069647,0.859176
AATAGAATCTGTTTCA-1,0.000122,0.009107,0.820392,0.17038
AATAGCAAGCCTCCTG-1,0.000069,0.000138,0.595676,0.404116
AATAGCTACCGCGTGC-1,0.056681,0.000614,0.847117,0.095589
AATAGGCACGACCCTT-1,0.000139,0.226185,0.616515,0.157161
AATAGTCCGTCCCGAC-1,0.000011,0.385926,0.25927,0.354793
AATAGTCGCGAGTCGG-1,0.127963,0.003684,0.204718,0.663635
AATATCAAGGTCGGAT-1,0.000008,0.737764,0.008036,0.254193
AATATCCTAGCAAACT-1,0.22168,0.000113,0.615792,0.162416
AATATCGAATCAATGC-1,0.00013,0.25431,0.738559,0.007001
AATATCGAGGGTTCTC-1,0.000191,0.068397,0.753308,0.178104
AATATTGGAGTATTGA-1,0.155081,0.018973,0.0009,0.825047
AATCAGACTGCAGGAC-1,0.000151,0.297613,0.570054,0.132182
AATCAGGTTTCATTTA-1,0.000112,0.181702,0.624283,0.193904
AATCATGTAAAGACTC-1,0.000149,0.040674,0.913258,0.045919
AATCCAAGGGCCTGAG-1,0.000015,0.356465,0.27674,0.36678
AATCCATGCAAGGGTG-1,0.012433,0.172013,0.485929,0.329625
AATCCCGCTCAGAGCC-1,0.000158,0.177936,0.691019,0.130887
AATCGAGGTCTCAAGG-1,0.002382,0.182665,0.336095,0.478859
AATCGCCTCAGCGCCA-1,0.000005,0.286492,0.090522,0.622981
AATCGCGCAGAGGACT-1,0.051276,0.162512,0.657404,0.128808
AATCGGGACACTACGA-1,0.000021,0.093394,0.132904,0.773682
AATCGGTATAGCCCTC-1,0.000424,0.075853,0.516757,0.406966
AATCGTGAGCCGAGCA-1,0.042632,0.036867,0.681741,0.23876
AATCTAGGTTTACTTG-1,0.080848,0.147211,0.566655,0.205287
AATCTATGCCGGAGCC-1,0.000156,0.095591,0.882153,0.022101
AATCTCTACTGTGGTT-1,0.600499,0.000055,0.148949,0.250497
AATCTGCGTTGGGACG-1,0.052112,0.534402,0.271362,0.142124
AATCTGGCTTTCTAGT-1,0.084969,0.108526,0.575502,0.231004
AATCTGGGTAGACCCT-1,0.073366,0.000075,0.277624,0.648935
AATGACAGCAATGTCT-1,0.000007,0.825572,0.008826,0.165595
AATGACGTAGGATGTC-1,0.36419,0.000011,0.045945,0.589855
AATGACTGTCAGCCGG-1,0.003815,0.662454,0.153365,0.180366
AATGAGTTCGCATATG-1,0.214094,0.211773,0.380108,0.194025
AATGATGATACGCTAT-1,0.000222,0.019808,0.720213,0.259757
AATGATGCGACTCCTG-1,0.000268,0.000536,0.799371,0.199825
AATGCAACCGGGTACC-1,0.130016,0.038939,0.179638,0.651407
AATGCACCAAGCAATG-1,0.063291,0.023139,0.703413,0.210157
AATGGCCGCCAATGCG-1,0.000637,0.001274,0.99554,0.002549
AATGGTCCACCGTTCA-1,0.323627,0.000014,0.084717,0.591642
AATGGTTCTCACAAGC-1,0.024529,0.114487,0.084127,0.776856
AATGTATGGCACTGTA-1,0.059715,0.179838,0.51528,0.245168
AATGTGCCCGAGGTGT-1,0.075969,0.027029,0.044781,0.852221
AATGTGCTAATCTGAG-1,0.013092,0.233496,0.659033,0.094379
AATGTTAAGACCCTGA-1,0.00164,0.272621,0.71918,0.006559
AATGTTGTCGTGAGAC-1,0.000293,0.028622,0.860047,0.111039
AATTAAAGGTCGGCGT-1,0.000016,0.319037,0.134489,0.546457
AATTAACGGATTTCCA-1,0.000114,0.000826,0.726537,0.272523
AATTACGAGACCCATC-1,0.032323,0.077192,0.657609,0.232876
AATTACTCGTACGCTC-1,0.07968,0.109426,0.6154,0.195494
AATTAGCGCTGCAGCG-1,0.000015,0.099324,0.138185,0.762476
AATTATACCCAGCAAG-1,0.000196,0.000392,0.697528,0.301885
AATTCATAAGGGATCT-1,0.002276,0.160216,0.679439,0.158069
AATTCATTGTCATGCA-1,0.031052,0.242706,0.466172,0.260071
AATTCCAACTTGGTGA-1,0.063373,0.271512,0.579662,0.085453
AATTCCAAGCATGTAC-1,0.000168,0.152131,0.830649,0.017051
AATTCGATTCGAGGAT-1,0.000192,0.000385,0.878941,0.120482
AATTCTAGAGTTAGGC-1,0.000013,0.005753,0.09684,0.897394
AATTGAACGCTCTGGT-1,0.040094,0.000134,0.721337,0.238435
AATTGCAGCAATCGAC-1,0.000182,0.000364,0.950129,0.049325
AATTGCGTGGATTACA-1,0.064502,0.179843,0.592865,0.16279
AATTGTGGTTGCCAAA-1,0.000222,0.090675,0.908216,0.000887
AATTTGGGACATAGTA-1,0.000016,0.000032,0.265138,0.734814
AATTTGGTTCCAAAGA-1,0.153631,0.345487,0.148221,0.352661
ACAAACCATGCGTCCT-1,0.06364,0.254366,0.566693,0.1153
ACAAACCGACAAGGCG-1,0.000179,0.000357,0.155722,0.843742
ACAAACTCCATCAGAG-1,0.000077,0.167447,0.832171,0.000306
ACAAAGAAGGTAGGCC-1,0.228748,0.000094,0.54927,0.221889
ACAAAGCATGACCTAG-1,0.041704,0.000426,0.874311,0.08356
ACAAATCGCACCGAAT-1,0.024882,0.000168,0.724986,0.249964
ACAAATGGTAGTGTTT-1,0.022235,0.106032,0.673578,0.198155
ACAAATTCAGATCTGA-1,0.000026,0.000052,0.405862,0.594059
ACAACAGCATGAGCTA-1,0.000006,0.278899,0.049769,0.671326
ACAACGGTCCCTGCGA-1,0.032933,0.241662,0.016465,0.70894
ACAAGCAGTGCCTAGC-1,0.964889,0.005322,0.000015,0.029775
ACAAGCTATATGGAAG-1,0.237312,0.000043,0.28062,0.482024
ACAAGGAAATCCGCCC-1,0.123806,0.00668,0.06369,0.805824
ACAAGGACAAGAGGTT-1,0.000006,0.015155,0.041955,0.942884
ACAAGGATGCTTTAGG-1,0.000153,0.000307,0.763495,0.236045
ACAAGGCCTACCAGCC-1,0.046111,0.000075,0.415789,0.538025
ACAAGGGCAGGCTCTG-1,0.02578,0.000006,0.042313,0.9319
ACAAGTAATTGTAAGG-1,0.000123,0.236538,0.695461,0.067878
ACAATAGTCGTACGTT-1,0.208246,0.671198,0.059447,0.061109
ACAATCCATTTAAACC-1,0.04963,0.049406,0.113617,0.787347
ACAATCGATCTTTATA-1,0.002632,0.005265,0.224441,0.767661
ACAATGAATACGGAGA-1,0.070521,0.406836,0.357001,0.165641
ACAATGATTCTTCTAC-1,0.000107,0.000215,0.666285,0.333393
ACAATTGTGTCTCTTT-1,0.031298,0.264999,0.635297,0.068407
ACAATTTAGGAGGCTC-1,0.13481,0.000014,0.029229,0.835947
ACAATTTGAGCAGTGG-1,0.000019,0.683764,0.137107,0.179111
ACAATTTGGCCATATT-1,0.090417,0.132322,0.554733,0.222528
ACACAAAGACGGGTGG-1,0.172024,0.144538,0.329353,0.354085
ACACAAATATTCCTAG-1,0.000349,0.000697,0.861793,0.137162
ACACACCAGGACCAGT-1,0.000071,0.276905,0.609682,0.113341
ACACACTTTCTACACG-1,0.000018,0.924284,0.065686,0.010012
ACACATGATCAAATCT-1,0.055694,0.31108,0.509962,0.123265
ACACATTGACGCAACA-1,0.013863,0.138564,0.69424,0.153334
ACACATTTCCGTAGAC-1,0.00011,0.157078,0.832174,0.010638
ACACCACATAATTAGC-1,0.04867,0.090836,0.7676,0.092894
ACACCCAGCATGCAGC-1,0.180133,0.136047,0.184521,0.499298
ACACCCGAGAAATCCG-1,0.022138,0.099346,0.054943,0.823573
ACACCCGTAAATCTGT-1,0.001516,0.003031,0.769059,0.226394
ACACCGAGCGCTCTTT-1,0.030202,0.095345,0.583809,0.290645
ACACCGGTCTGACCGC-1,0.090099,0.222173,0.587709,0.100018
ACACCTTAAGTAGGGC-1,0.000006,0.590454,0.036009,0.373531
ACACCTTACTACTTGC-1,0.019896,0.190032,0.752144,0.037928
ACACGAGACTCCTTCT-1,0.000007,0.185265,0.023613,0.791115
ACACGGCACTATGCAT-1,0.000667,0.001334,0.745146,0.252854
ACACGGGAACTTAGGG-1,0.000026,0.430418,0.058341,0.511215
ACACGTAGGCCACAAG-1,0.000218,0.18603,0.812878,0.000874
ACACTCCAATGTCACT-1,0.106213,0.253558,0.432473,0.207755
ACACTGATCAAGGTGT-1,0.000008,0.547732,0.057312,0.394948
ACACTGGGACAGTCGT-1,0.000234,0.332569,0.66626,0.000937
ACAGAACTGAGAACAA-1,0.061998,0.260642,0.409801,0.267558
ACAGATTAGGTTAGTG-1,0.02763,0.000064,0.130285,0.842022
ACAGCATAGAGCCAGT-1,0.039655,0.000265,0.284977,0.675104
ACAGCGACATTCTCAT-1,0.00022,0.00044,0.998461,0.000879
ACAGCGCACCCGCAGC-1,0.00115,0.0023,0.404682,0.591869
ACAGGAGGCGCAGCCG-1,0.061883,0.264286,0.50172,0.172111
ACAGGCACGGATCCTT-1,0.034061,0.000483,0.547152,0.418304
ACAGGCTTGCCCGACT-1,0.048711,0.000302,0.894373,0.056615
ACAGGTGGAGGTGAGG-1,0.004845,0.5716,0.070817,0.352738
ACAGGTGTGTTGTTGC-1,0.25466,0.000141,0.356893,0.388306
ACAGTAATACAACTTG-1,0.29445,0.035839,0.474933,0.194779
ACAGTATACCGTGGGA-1,0.000292,0.033806,0.964736,0.001167
ACAGTGCAGCGCATTT-1,0.000553,0.001105,0.587911,0.410431
ACATAAGTCGTGGTGA-1,0.078119,0.199661,0.51599,0.20623
ACATAATAAGGCGGTG-1,0.023159,0.425226,0.189166,0.362448
ACATACAATCAAGCGG-1,0.000297,0.068349,0.665617,0.265737
ACATCAGCTGGGACGC-1,0.240201,0.000025,0.085021,0.674752
ACATCCCGGCCATACG-1,0.000047,0.436902,0.166984,0.396066
ACATCCTGGTAACTGT-1,0.000126,0.180814,0.663582,0.155477
ACATCGATCGTTTACC-1,0.000009,0.000018,0.017974,0.981999
ACATCGCAATATTCGG-1,0.00013,0.281467,0.717882,0.00052
ACATCGGTCAGCCGCG-1,0.065435,0.01542,0.058474,0.860671
ACATCGTATGCAATGG-1,0.068562,0.000077,0.512128,0.419233
ACATCGTTAACCTAGT-1,0.059744,0.000797,0.481131,0.458328
ACATCTCAACGCGTAA-1,0.105656,0.00125,0.127598,0.765495
ACATGCTTACGGCAGC-1,0.000113,0.257962,0.682484,0.059442
ACATGGCGCCAAAGTA-1,0.00008,0.151696,0.670509,0.177716
ACATGGCTCAATTTAG-1,0.062151,0.010472,0.848914,0.078462
ACATTAGTTTATATCC-1,0.212596,0.116403,0.368241,0.30276
ACATTCGCGCGGAATA-1,0.000057,0.123363,0.789414,0.087166
ACATTTGAAACCTAAC-1,0.000196,0.000392,0.898865,0.100548
ACCAAACACCCAGCGA-1,0.013339,0.082912,0.8696,0.034149
ACCAAACTAGAAATCC-1,0.000595,0.062266,0.697987,0.239151
ACCAACACCACACACT-1,0.000219,0.070704,0.764426,0.164651
ACCAACCGCACTCCAC-1,0.000202,0.000405,0.822916,0.176477
ACCAACGCTTATTTAT-1,0.000026,0.989511,0.010359,0.000104
ACCAAGAACGCGTGTC-1,0.000008,0.897342,0.07095,0.0317
ACCAAGTCATCGGCAG-1,0.000291,0.000582,0.997965,0.001163
ACCAATATGCAAGTTA-1,0.000109,0.000217,0.777366,0.222308
ACCACAACTCAGAACA-1,0.000025,0.00005,0.346718,0.653208
ACCACAAGTTTCTATC-1,0.133311,0.030202,0.404464,0.432023
ACCACACGGTTGATGG-1,0.000172,0.158992,0.84015,0.000686
ACCACCAATGTAACAA-1,0.011856,0.21038,0.673442,0.104323
ACCACCCTCTCTTCTA-1,0.000294,0.237972,0.760557,0.001177
ACCACGTGCAGCTATA-1,0.000004,0.000008,0.056271,0.943718
ACCACTGTTCAAGAAG-1,0.088485,0.124321,0.640845,0.146348
ACCAGACCATAACAAC-1,0.130157,0.000012,0.162649,0.707183
ACCAGCCCGGTCTTTG-1,0.001031,0.647144,0.003094,0.348731
ACCAGGAGTGTGATCT-1,0.001352,0.431542,0.004055,0.563051
ACCAGTGCCCGGTCAA-1,0.001462,0.000055,0.465027,0.533455
ACCAGTGCGGGAGACG-1,0.000128,0.169394,0.744674,0.085803
ACCATATCCGCAATAA-1,0.259076,0.104881,0.159478,0.476565
ACCATCCGCCAACTAG-1,0.230323,0.014432,0.45982,0.295425
ACCATCGTATATGGTA-1,0.300485,0.044467,0.306197,0.348851
ACCATTAAGGGTGTCA-1,0.050952,0.123585,0.724074,0.101389
ACCCAACGCCCGTGGC-1,0.017289,0.59563,0.037358,0.349723
ACCCACCTACATGCTC-1,0.139881,0.384631,0.003865,0.471624
ACCCATCTTGAGGGTA-1,0.125756,0.000306,0.551596,0.322342
ACCCATTTGTCCCTCT-1,0.000219,0.000438,0.998468,0.000876
ACCCGAGCGAAATTAC-1,0.002036,0.221005,0.573028,0.203931
ACCCGATTGGTTCCGA-1,0.000153,0.159066,0.812311,0.02847
ACCCGGAAACTCCCAG-1,0.000097,0.001607,0.73943,0.258866
ACCCGGAGCACCACAA-1,0.0347,0.205318,0.753009,0.006972
ACCCGGATGACGCATC-1,0.141822,0.239812,0.489722,0.128644
ACCCGGTTACACTTCC-1,0.000051,0.156568,0.454833,0.388549
ACCCGTAGCAGAGAAT-1,0.017663,0.160632,0.808301,0.013404
ACCCGTAGTCTAGTTG-1,0.000332,0.14226,0.831956,0.025451
ACCCGTGTCATCAGTA-1,0.000017,0.608365,0.063302,0.328315
ACCCTATAGGACTGAG-1,0.136155,0.266874,0.373503,0.223468
ACCCTATGCCATATCG-1,0.00416,0.474778,0.247015,0.274046
ACCCTCCCGTCAGGGC-1,0.00023,0.00046,0.870217,0.129093
ACCCTCCCTTGCTATT-1,0.043473,0.000204,0.673329,0.282994
ACCCTGGTAACGCCCT-1,0.000272,0.128266,0.769238,0.102224
ACCCTTCATCTGCGAA-1,0.021096,0.625973,0.21868,0.134251
ACCCTTGCCTGGGTCG-1,0.000699,0.001399,0.995103,0.002798
ACCCTTTAGTTCTCCA-1,0.001755,0.00351,0.281877,0.712858
ACCGAAAGGGCCCTGC-1,0.116105,0.429272,0.203765,0.250858
ACCGAAGAGTCTGGTT-1,0.067523,0.128812,0.500366,0.303299
ACCGACACATCTCCCA-1,0.000156,0.058713,0.783186,0.157945
ACCGACTGAGTCCCAC-1,0.000009,0.646182,0.046799,0.30701
ACCGAGTCTCCTTATT-1,0.000169,0.000339,0.967207,0.032286
ACCGATAGGCATAACC-1,0.000211,0.265578,0.733364,0.000846
ACCGATATTTAATCAT-1,0.000213,0.23915,0.759783,0.000853
ACCGATGGTAGCATCG-1,0.146042,0.259499,0.318432,0.276027
ACCGCAATAACTGCCT-1,0.015811,0.000095,0.702691,0.281404
ACCGCGGTGGAAGTCG-1,0.000072,0.353183,0.514136,0.132608
ACCGCTAGTCATTGGT-1,0.000087,0.176998,0.766022,0.056894
ACCGGGCCTTTGTTGA-1,0.000125,0.302399,0.696978,0.000499
ACCGGTCAGGTACACC-1,0.041449,0.210767,0.518101,0.229682
ACCGGTCTGAGTACGG-1,0.073853,0.000069,0.265635,0.660443
ACCGTCCACTGGGCCC-1,0.014774,0.120785,0.579576,0.284865
ACCGTGACCACGTGGG-1,0.015436,0.084423,0.223223,0.676918
ACCGTTCCCGCTCTGA-1,0.051972,0.000493,0.000739,0.946796
ACCTAAGTACCTTTCA-1,0.000098,0.352348,0.042715,0.60484
ACCTAATCGACTTCCT-1,0.97451,0.015162,0.000034,0.010294
ACCTACAGTATGTGGT-1,0.037325,0.299079,0.516797,0.146799
ACCTACTATAAATCTA-1,0.000137,0.24951,0.728646,0.021708
ACCTCAGCGAGGCGCA-1,0.000336,0.000671,0.890187,0.108806
ACCTCCGCCCTCGCTG-1,0.000165,0.255011,0.667003,0.077821
ACCTCCGTTATTCACC-1,0.117072,0.177101,0.482013,0.223814
ACCTCGAACTTATGCT-1,0.068269,0.261513,0.53574,0.134478
ACCTGCGTGTCATGTT-1,0.280442,0.090024,0.377814,0.25172
ACCTTTCCTTTAGAAG-1,0.001755,0.606706,0.12312,0.268419
ACGAAATGGGCGGCAC-1,0.50829,0.006799,0.034238,0.450674
ACGACCCATGAGTTGC-1,0.00021,0.067785,0.760505,0.1715
ACGACTCTAGGGCCGA-1,0.000174,0.000349,0.769616,0.229861
ACGACTGGTCATACTC-1,0.000112,0.293125,0.599873,0.106891
ACGAGAACCCATCACG-1,0.000007,0.401709,0.024828,0.573455
ACGAGATATTTGCTTA-1,0.07488,0.002041,0.226222,0.696857
ACGAGGATACCACTCT-1,0.080163,0.108522,0.582842,0.228473
ACGAGGTTTACAACGT-1,0.062536,0.335626,0.327728,0.27411
ACGAGTACGGATGCCC-1,0.043326,0.10086,0.690482,0.165331
ACGAGTCGCCGGCGTT-1,0.093569,0.076859,0.661745,0.167827
ACGATACATAGAACTA-1,0.034773,0.620145,0.202565,0.142516
ACGATACCTATCCTGA-1,0.19622,0.002745,0.126045,0.67499
ACGATCATACATAGAG-1,0.005411,0.16017,0.116622,0.717797
ACGATCATCTTGTAAA-1,0.143681,0.283929,0.496974,0.075416
ACGATGCATATGTTAT-1,0.198872,0.104535,0.283449,0.413144
ACGATGGATCCGATGC-1,0.176607,0.000893,0.291573,0.530927
ACGCAAACTAATAGAT-1,0.147441,0.481941,0.119411,0.251207
ACGCAATCACTACAGC-1,0.000184,0.144066,0.807144,0.048605
ACGCATAAATGACATG-1,0.001517,0.000127,0.58507,0.413285
ACGCATACGTTTACTA-1,0.037072,0.079684,0.682994,0.20025
ACGCATTCGTGAGTAC-1,0.000011,0.084844,0.096556,0.818589
ACGCCACTCGAAACAG-1,0.000114,0.157309,0.793109,0.049468
ACGCCAGATGATTTCT-1,0.093529,0.107291,0.306164,0.493016
ACGCCAGTGCGTTTGC-1,0.000314,0.000627,0.888277,0.110782
ACGCCCAGCTGTCGAT-1,0.173046,0.205677,0.327774,0.293503
ACGCCGCTAGACGACC-1,0.030327,0.005459,0.041906,0.922309
ACGCCTGACACGCGCT-1,0.074885,0.179431,0.744572,0.001111
ACGCGAAGTCAGACGA-1,0.052261,0.021414,0.430677,0.495648
ACGCGCTACACAGGGT-1,0.798033,0.000019,0.201909,0.000039
ACGCGGGCCAAGGACA-1,0.000007,0.184155,0.164966,0.650872
ACGCGTTTCTTAAGAG-1,0.063497,0.104492,0.003336,0.828675
ACGCTACTGAATGGGC-1,0.000685,0.00137,0.767341,0.230603
ACGCTAGTATCAGTGC-1,0.077752,0.002062,0.757278,0.162907
ACGCTAGTGATACACT-1,0.000178,0.112829,0.810444,0.076549
ACGCTGTGAGGCGTAG-1,0.131497,0.003745,0.07378,0.790978
ACGCTTAGTGTCTCTC-1,0.395998,0.000386,0.104418,0.499197
ACGGAACACGAGTGCC-1,0.000221,0.000443,0.998451,0.000885
ACGGAATTTAGCAAAT-1,0.216427,0.498272,0.126255,0.159046
ACGGACGCAGCGACAA-1,0.000077,0.241738,0.663917,0.094267
ACGGACTCTCAAAGCG-1,0.000136,0.000271,0.869667,0.129926
ACGGAGCGCAAATTAC-1,0.000232,0.000463,0.998379,0.000926
ACGGATGGTGCGGATA-1,0.000132,0.000263,0.784403,0.215202
ACGGCACTTGCTTGGG-1,0.002273,0.212954,0.182742,0.602031
ACGGCCAACATGGACT-1,0.000012,0.498932,0.17408,0.326976
ACGGCGACGATGGGAA-1,0.000005,0.00001,0.098367,0.901618
ACGGCGGGTTGCCCTG-1,0.040962,0.243587,0.339202,0.37625
ACGGCTGGATGTAGAA-1,0.052959,0.243742,0.51468,0.188619
ACGGGAGTGTCGGCCC-1,0.134494,0.132098,0.271718,0.46169
ACGGGCGTATGCGACA-1,0.000213,0.081265,0.7881,0.130421
ACGGGTCATGTGACTT-1,0.064211,0.161837,0.523905,0.250047
ACGGGTTGTGACCTGT-1,0.000054,0.17755,0.79589,0.026506
ACGGTACAGTTCAATG-1,0.000233,0.000466,0.75942,0.23988
ACGGTCACCGAGAACA-1,0.028411,0.23575,0.667535,0.068305
ACGTACAGATTTCTCT-1,0.000099,0.414714,0.128966,0.456221
ACGTACTTTGGCACGG-1,0.000105,0.283761,0.620628,0.095507
ACGTAGATTGCTGATG-1,0.000008,0.002282,0.000943,0.996767
ACGTAGGAGAGTCGCT-1,0.000164,0.191163,0.66723,0.141444
ACGTATTACTCCGATC-1,0.000143,0.421092,0.445152,0.133613
ACGTCCTAAACGAGAT-1,0.141838,0.00171,0.853032,0.00342
ACGTCGGGCAACTCGG-1,0.009533,0.180302,0.612895,0.19727
ACGTCTCGTTCCGGGA-1,0.251546,0.020562,0.510428,0.217464
ACGTGACAAAGTAAGT-1,0.195991,0.031144,0.560194,0.212671
ACGTGCGCCTCGTGCA-1,0.001132,0.290695,0.282199,0.425973
ACGTGGTCGAATGTGC-1,0.110835,0.00171,0.069945,0.81751
ACGTTAATGTCGAAGA-1,0.069586,0.000051,0.356415,0.573948
ACGTTAGATTTGCCCG-1,0.137056,0.06701,0.415585,0.380349
ACGTTATTGGTCACTC-1,0.1213,0.376112,0.385114,0.117473
ACGTTCACTATGCCGC-1,0.000116,0.06474,0.81735,0.117793
ACGTTCCGCGCTCCGT-1,0.163314,0.336108,0.241964,0.258613
ACGTTCGCAATCAATT-1,0.092618,0.220374,0.625304,0.061703
ACGTTCGTTCAGGAAA-1,0.00001,0.70434,0.201123,0.094526
ACGTTCTGTACAAGTC-1,0.059045,0.000427,0.681595,0.258932
ACGTTGTCGTTGAAAG-1,0.00009,0.177394,0.658547,0.163969
ACGTTTAGTTGTGATC-1,0.000095,0.1174,0.564289,0.318215
ACGTTTCGGTGCACTT-1,0.000747,0.264276,0.731991,0.002986
ACTAAGGACGCACACC-1,0.000855,0.15825,0.837475,0.00342
ACTAATACGTCAGGCG-1,0.023709,0.000066,0.279742,0.696483
ACTACAAAGAGAGGTG-1,0.000096,0.243971,0.676326,0.079607
ACTACATCCCGACAAG-1,0.097296,0.293989,0.467614,0.141101
ACTACCAGCTCTCTGG-1,0.000007,0.248324,0.025088,0.726582
ACTACCATCCGAGGGC-1,0.000067,0.177625,0.762699,0.059609
ACTACGCGTTAGAATT-1,0.042162,0.376966,0.377891,0.20298
ACTAGTTGCGATCGTC-1,0.000145,0.104914,0.894363,0.000578
ACTATATGCTGTGTTC-1,0.105503,0.000418,0.650994,0.243085
ACTATCCAGGGCATGG-1,0.094111,0.292284,0.432869,0.180736
ACTATCGCCGGCTAAA-1,0.00571,0.105563,0.730034,0.158692
ACTATCTGCCCGCGTA-1,0.000147,0.339323,0.659943,0.000587
ACTATGTCCAGCTGCC-1,0.070234,0.274492,0.576202,0.079071
ACTATTCGTCCGTGGT-1,0.048645,0.052804,0.360471,0.53808
ACTATTTCCGGGCCCA-1,0.066654,0.577201,0.204397,0.151748
ACTCAACGAATGTATT-1,0.203346,0.231421,0.055305,0.509928
ACTCAAGTGCAAGGCT-1,0.000155,0.00031,0.771711,0.227824
ACTCAATAAAGGCACG-1,0.000008,0.731202,0.108415,0.160375
ACTCAGACCTGCTTCT-1,0.000007,0.516647,0.009642,0.473705
ACTCATGGCAGCCTTC-1,0.08604,0.213792,0.622676,0.077493
ACTCCAATATCATCAT-1,0.000129,0.195385,0.555425,0.249061
ACTCCCATTCCTAAAG-1,0.185085,0.014985,0.524336,0.275595
ACTCCCGAATTCGTTT-1,0.0481,0.334991,0.465378,0.151531
ACTCCCGTAGACTAGG-1,0.00051,0.159743,0.837705,0.002041
ACTCCCTAATGCTAAA-1,0.000131,0.000261,0.927014,0.072595
ACTCCCTAGAATAGTA-1,0.053418,0.000032,0.333838,0.612712
ACTCCGGCCGACCACT-1,0.000182,0.000363,0.938943,0.060513
ACTCGATGTATTTCAT-1,0.069077,0.204847,0.568894,0.157182
ACTCGCCGTTCGATAA-1,0.000246,0.000492,0.992668,0.006594
ACTCGCGATCTGACGC-1,0.089341,0.10638,0.676639,0.127639
ACTCGTAACCCGTCCT-1,0.089081,0.063019,0.472178,0.375722
ACTCGTCAGTAATCCC-1,0.000005,0.827051,0.008905,0.164039
ACTCTAAACCTGGGAT-1,0.264469,0.170332,0.003133,0.562066
ACTCTCTGACTTAGGT-1,0.000008,0.337376,0.103649,0.558966
ACTCTCTTATACACGA-1,0.000089,0.074984,0.342986,0.581941
ACTCTGACCTAATAGA-1,0.000276,0.000551,0.859851,0.139322
ACTCTTCAGCTCCCGC-1,0.000431,0.060493,0.937351,0.001725
ACTCTTGTATAGTAAC-1,0.000009,0.007628,0.036388,0.955975
ACTGAAACGCCGTTAG-1,0.000166,0.000331,0.900599,0.098904
ACTGAATGGCGAAAGT-1,0.063188,0.000183,0.789902,0.146727
ACTGATTTAGTGATTC-1,0.615793,0.000614,0.095989,0.287604
ACTGCCCGCCATTCTC-1,0.000083,0.220376,0.659124,0.120417
ACTGCCGTCGTAACTC-1,0.000023,0.578686,0.128805,0.292486
ACTGCGGACACACCGT-1,0.099601,0.198619,0.482499,0.21928
ACTGCTCGGAAGGATG-1,0.159852,0.059298,0.580598,0.200251
ACTGGCGAACCTGCGT-1,0.000695,0.13707,0.859456,0.002779
ACTGGGATGCCAGTGC-1,0.000113,0.30594,0.687536,0.006411
ACTGTACGATACACAT-1,0.000013,0.755733,0.032009,0.212245
ACTGTAGCACTTTGGA-1,0.000005,0.318022,0.030203,0.651769
ACTGTATACGCGAGCA-1,0.034488,0.259204,0.099582,0.606727
ACTGTCCAGGATTATA-1,0.01867,0.029743,0.055345,0.896242
ACTGTCTTCTTTAGAA-1,0.000006,0.001738,0.013724,0.984532
ACTGTGCTAGTAGATC-1,0.023499,0.289702,0.154216,0.532583
ACTGTTTAGTGTAGGC-1,0.00037,0.325487,0.281842,0.3923
ACTTACCGGGCGCGCA-1,0.000017,0.089275,0.218389,0.692319
ACTTACGCATCCACGC-1,0.00016,0.00032,0.758466,0.241055
ACTTAGTACGACAAGA-1,0.000006,0.271047,0.041846,0.6871
ACTTATACTTACCCGG-1,0.09279,0.209108,0.352953,0.345148
ACTTATCTGATCTATA-1,0.101115,0.26631,0.311596,0.320979
ACTTATTAGGATCGGT-1,0.000009,0.018085,0.112096,0.86981
ACTTATTTATGTGCCA-1,0.000147,0.183073,0.695813,0.120968
ACTTCAGGCTGATCCC-1,0.03185,0.000199,0.723148,0.244803
ACTTCCAGTGGAAGCT-1,0.080206,0.045429,0.632008,0.242356
ACTTCCATGCGGGACA-1,0.000167,0.000333,0.614473,0.385027
ACTTCCTGTCGTGCGA-1,0.000747,0.001493,0.688806,0.308955
ACTTCGCCATACGCAC-1,0.010459,0.207413,0.371035,0.411093
ACTTCGCTAGCGAGTG-1,0.000585,0.088255,0.739291,0.171869
ACTTGACTCCCTCTTT-1,0.093988,0.000011,0.014712,0.891289
ACTTGCCATATTGTAC-1,0.001334,0.002668,0.265909,0.73009
ACTTGCTCTATCTACC-1,0.000844,0.041185,0.746207,0.211764
ACTTGGGACCCGGTGG-1,0.000018,0.617651,0.130275,0.252056
ACTTGGGCTTTCGCCA-1,0.000291,0.109528,0.779735,0.110446
ACTTGTAGTCCCTTCA-1,0.217022,0.0014,0.444195,0.337383
ACTTGTGGATGGAACG-1,0.000156,0.214934,0.689814,0.095097
ACTTGTTACCGGATCA-1,0.000174,0.263632,0.505464,0.23073
ACTTTACCCTCATGAA-1,0.07693,0.208853,0.710919,0.003297
ACTTTATACACCACTT-1,0.000111,0.205728,0.784593,0.009568
ACTTTCCTATAGCTTC-1,0.051386,0.023972,0.077841,0.846802
ACTTTGACTGCATCCT-1,0.288539,0.000062,0.245485,0.465914
ACTTTGGTCGTGCTCC-1,0.038006,0.313866,0.414923,0.233204
ACTTTGTCGACGCACT-1,0.000211,0.162946,0.836001,0.000842
AGAAATTATGACTCGC-1,0.000132,0.194201,0.801773,0.003894
AGAACACGGCGATGGT-1,0.000072,0.198699,0.744558,0.056671
AGAACCCAGCGTGACA-1,0.063987,0.130008,0.667451,0.138553
AGAACCCTCAATTGGG-1,0.025891,0.210269,0.51773,0.246111
AGAACGTGGTACATTC-1,0.016182,0.540382,0.272997,0.170439
AGAACTGTACTTTGTA-1,0.000242,0.000484,0.857387,0.141886
AGAAGAGCGCCGTTCC-1,0.000195,0.646354,0.11588,0.237572
AGAAGGTACACTTCAC-1,0.036391,0.131996,0.515941,0.315672
AGAAGGTTGCCGAATT-1,0.081554,0.00025,0.108934,0.809263
AGAAGGTTGTAGGTCG-1,0.000155,0.000311,0.808044,0.19149
AGAAGTGATTCGTGAT-1,0.002541,0.581767,0.091792,0.323899
AGAATAAATCTTCAGG-1,0.762512,0.000038,0.020814,0.216636
AGAATACAGGCTATCC-1,0.000281,0.000562,0.663467,0.33569
AGAATGCGGGTTCGGA-1,0.019331,0.00027,0.740706,0.239693
AGAATTATGGATTCGA-1,0.077579,0.103987,0.733106,0.085328
AGAATTGTTTGACATA-1,0.129029,0.468374,0.096588,0.306009
AGACAGCTCAGAATCC-1,0.106416,0.128688,0.490532,0.274363
AGACAGGCATCTCAGC-1,0.000173,0.189917,0.809218,0.000692
AGACATAGATCCTTCC-1,0.000011,0.851994,0.050473,0.097522
AGACCAAACCACACCT-1,0.170843,0.007588,0.527327,0.294241
AGACCATGGGATACAA-1,0.111148,0.058634,0.102375,0.727843
AGACCCACCGCTGATC-1,0.073245,0.000084,0.404772,0.521899
AGACCCGCCCTCCTCG-1,0.33895,0.105161,0.274381,0.281507
AGACCGCTCCGCGGTT-1,0.000146,0.343499,0.655772,0.000583
AGACCGGGAAACCCTG-1,0.31368,0.029464,0.365569,0.291287
AGACGAAGTGCCGGTC-1,0.000103,0.158245,0.804785,0.036866
AGACGACGATGCCGCT-1,0.608455,0.0311,0.049505,0.31094
AGACGCCCACTTCGCC-1,0.000216,0.234839,0.764081,0.000864
AGACGGGATTGGTATA-1,0.028087,0.00177,0.263872,0.70627
AGACGGGCCGATTTAA-1,0.00234,0.000045,0.407951,0.589664
AGACTAGCCTTCCAGA-1,0.315334,0.243898,0.040797,0.399971
AGACTGTTACCGGGTC-1,0.011831,0.43537,0.360347,0.192453
AGAGAAACACCAGAAA-1,0.000067,0.257376,0.736643,0.005915
AGAGAACCGTCTAGGA-1,0.000059,0.146847,0.605185,0.247909
AGAGAAGGAGTACAAT-1,0.043039,0.254478,0.47506,0.227423
AGAGATCTCTAAAGCG-1,0.276129,0.006977,0.363534,0.35336
AGAGCAGTTATGAGAC-1,0.058431,0.001716,0.000013,0.93984
AGAGCCGCCGAGATTT-1,0.068466,0.132671,0.712479,0.086384
AGAGCGCTTGTAACGG-1,0.07909,0.00174,0.780565,0.138605
AGAGCGGGCTAATCAT-1,0.045172,0.275636,0.358991,0.320201
AGAGCGTACAAGCTCG-1,0.279619,0.176007,0.017407,0.526966
AGAGCTACGAAAGCAT-1,0.151363,0.250689,0.589965,0.007983
AGAGGCTTCGGAAACC-1,0.00008,0.135656,0.624012,0.240253
AGAGGGACAATTGTCC-1,0.085369,0.00058,0.838424,0.075627
AGAGGTATCTCGGTCC-1,0.000918,0.001835,0.002753,0.994494
AGAGTAAACTTCACTA-1,0.000129,0.284116,0.53686,0.178895
AGAGTATAGTGTTACG-1,0.000287,0.18558,0.737244,0.076889
AGAGTCTTAATGAAAG-1,0.079206,0.00171,0.915664,0.00342
AGAGTGAACAGACACC-1,0.00099,0.001981,0.893481,0.103548
AGAGTTAGAGACCGAT-1,0.037671,0.000078,0.256302,0.705949
AGAGTTGCAGGCCTCC-1,0.0005,0.122866,0.874634,0.002001
AGATAACTTCAGGGCC-1,0.011628,0.197972,0.089573,0.700827
AGATAATCACACCTAT-1,0.000151,0.250927,0.748319,0.000603
AGATACCAATAGAACC-1,0.000193,0.000385,0.934947,0.064475
AGATACCAGCACTTCA-1,0.03562,0.000597,0.883783,0.08
AGATACCGGTGTTCAC-1,0.25391,0.031003,0.233025,0.482062
AGATACGACTTCATAT-1,0.026019,0.274983,0.00357,0.695428
AGATACTCAAGATCGA-1,0.038012,0.000155,0.839169,0.122664
AGATATAATACGACTA-1,0.000161,0.000322,0.914353,0.085165
AGATCGTGCATAAGAT-1,0.03695,0.000504,0.961538,0.001008
AGATCTCAGGTGTGAT-1,0.000021,0.716205,0.073852,0.209922
AGATCTGGAGAGGATA-1,0.000102,0.299431,0.638751,0.061716
AGATGACTCGCCCACG-1,0.000008,0.280518,0.083571,0.635902
AGATGAGGGTTGCGAT-1,0.000063,0.000125,0.57751,0.422302
AGATGATGGAGTCTGG-1,0.142459,0.213246,0.519469,0.124826
AGATGCAAGACGTGCA-1,0.183532,0.200869,0.466878,0.148721
AGATGCATCCTGTGTC-1,0.254595,0.013409,0.497491,0.234505
AGATGCTATAACGAGC-1,0.073537,0.156248,0.743947,0.026267
AGATTATAGGACGTTT-1,0.183939,0.000028,0.012335,0.803698
AGATTCAAGCGGGTCG-1,0.005454,0.000157,0.465969,0.528421
AGATTCACAACCGATA-1,0.065123,0.118211,0.548903,0.267763
AGCAAAGGCCGCTAGT-1,0.000115,0.000229,0.986308,0.013348
AGCAACATATCTTATT-1,0.000083,0.327296,0.465765,0.206857
AGCAACCGAAAGTAAT-1,0.101894,0.253363,0.455146,0.189597
AGCACACGTTTAGACT-1,0.000115,0.215285,0.545229,0.239371
AGCACCAGTACTCACG-1,0.00001,0.029905,0.29898,0.671105
AGCACTACCGGCCTGT-1,0.15676,0.012636,0.105901,0.724703
AGCACTACCTCACCAG-1,0.030038,0.0002,0.555775,0.413987
AGCACTTAAGGACGCC-1,0.044703,0.357251,0.122635,0.475411
AGCAGAAGGAGAAAGA-1,0.000139,0.062214,0.85822,0.079427
AGCAGCCAGATGAATA-1,0.001639,0.307085,0.414283,0.276993
AGCAGTCGAAGCATGC-1,0.00015,0.070123,0.82342,0.106306
AGCATATCAATATGCT-1,0.000143,0.14783,0.851455,0.000572
AGCATCATTTCGAAAG-1,0.063448,0.12696,0.5056,0.303992
AGCATCGTCGATAATT-1,0.000007,0.369771,0.139664,0.490557
AGCATTACGAGGCAAG-1,0.062996,0.000562,0.73921,0.197233
AGCCAAGCTTTGTGTC-1,0.000169,0.379895,0.541358,0.078578
AGCCACAGGTTACCCG-1,0.031502,0.000331,0.768739,0.199428
AGCCACTCCCGTGCTT-1,0.000067,0.199491,0.4663,0.334142
AGCCATATAGTATGTG-1,0.000177,0.079048,0.793693,0.127082
AGCCCATACATGTAAG-1,0.203545,0.329107,0.038148,0.4292
AGCCCGCAACAAGCAG-1,0.000094,0.217912,0.778564,0.00343
AGCCCGCACTACAATG-1,0.000284,0.000568,0.998011,0.001137
AGCCCGGCATTAGAGG-1,0.000089,0.316558,0.642532,0.040822
AGCCCGGTAGCCTGTA-1,0.018696,0.333727,0.324372,0.323205
AGCCCTAAGCGAAGTT-1,0.000044,0.174144,0.538066,0.287745
AGCCCTCCCTGGTGGC-1,0.000094,0.290216,0.646029,0.063661
AGCCCTGTCGCACCGT-1,0.071855,0.128552,0.518734,0.28086
AGCCCTTCTAATCCGA-1,0.000242,0.000484,0.964677,0.034596
AGCCCTTGGACATCCC-1,0.000189,0.333356,0.665697,0.000758
AGCCGCAAATTCAAAT-1,0.196283,0.000014,0.105503,0.6982
AGCCGCTTGATTAGCG-1,0.089705,0.022068,0.887456,0.000771
AGCCGTGGCTAAATGT-1,0.062424,0.093052,0.498823,0.345701
AGCCTAATACCCACGT-1,0.151582,0.000198,0.612923,0.235297
AGCCTTAAAGCGGAAG-1,0.118478,0.205825,0.496923,0.178774
AGCCTTGTCACTGATA-1,0.033111,0.208828,0.70308,0.054981
AGCGACAGGAACGGTC-1,0.000006,0.999949,0.000019,0.000025
AGCGACATCCCATTCA-1,0.000006,0.382435,0.068515,0.549044
AGCGACCAACGATATT-1,0.032534,0.060251,0.393111,0.514103
AGCGACTTTGAAGACA-1,0.000107,0.193059,0.743143,0.063691
AGCGAGACGTGAAGGC-1,0.000067,0.324297,0.581986,0.09365
AGCGATGCGCCTAATA-1,0.000181,0.074842,0.924254,0.000724
AGCGCATAATGAATCG-1,0.000006,0.213241,0.056254,0.730499
AGCGCGGGTGCCAATG-1,0.000131,0.040604,0.878165,0.081101
