Barcode,Topic 1,Topic 2to3,Topic 4,Topic 5,Topic 6,Topic 7,Topic 8,Topic 9,Topic 10
AAACAACGAATAGTTC-1,0.000085,0.186317,0.000085,0.375599,0.204863,0.042751,0.000085,0.000085,0.19013
AAACAAGTATCTCCCA-1,0.000096,0.217166,0.19491,0.083492,0.50312,0.000929,0.000096,0.000096,0.000096
AAACAATCTACTAGCA-1,0.092335,0.061361,0.000013,0.028049,0.000013,0.337537,0.019241,0.028185,0.433266
AAACACCAATAACTGC-1,0.123218,0.305335,0.001824,0.126057,0.254128,0.000278,0.054347,0.021511,0.113302
AAACAGAGCGACTCCT-1,0.000005,0.00001,0.174282,0.000005,0.003028,0.818725,0.000005,0.002732,0.001207
AAACAGCTTTCAGAAG-1,0.245119,0.000111,0.075376,0.191062,0.258215,0.084714,0.027328,0.013516,0.104559
AAACAGGGTCTATATT-1,0.248144,0.002281,0.083769,0.309458,0.161417,0.056106,0.100576,0.034799,0.003451
AAACAGTGTTCCTGGG-1,0.000071,0.208311,0.000071,0.590862,0.064246,0.000071,0.007453,0.118024,0.01089
AAACATGGTGAGAGGA-1,0.076905,0.099482,0.050367,0.321671,0.278219,0.018035,0.108742,0.035724,0.010855
AAACATTTCCCGGATT-1,0.065026,0.000382,0.000191,0.000191,0.871213,0.062425,0.000191,0.000191,0.000191
AAACCACTACACAGAT-1,0.000159,0.000318,0.000159,0.350463,0.234191,0.414234,0.000159,0.000159,0.000159
AAACCCGAACGAAATC-1,0.000061,0.201572,0.000061,0.308327,0.381342,0.000061,0.026048,0.082467,0.000061
AAACCGGAAATGTTAA-1,0.00011,0.113531,0.00011,0.338617,0.456985,0.00011,0.00011,0.090315,0.00011
AAACCGGGTAGGTACC-1,0.190825,0.016398,0.03251,0.00476,0.00097,0.066652,0.32316,0.20826,0.156466
AAACCGTTCGTCCAGG-1,0.033452,0.346014,0.054865,0.052441,0.033033,0.010905,0.380814,0.081755,0.006721
AAACCTAAGCAGCCGG-1,0.000132,0.000265,0.000132,0.064919,0.738014,0.071309,0.050809,0.060212,0.014207
AAACCTCATGAAGTTG-1,0.206507,0.015796,0.005185,0.000531,0.008089,0.435844,0.065203,0.114541,0.148306
AAACGAAGAACATACC-1,0.000614,0.001227,0.000614,0.211142,0.000614,0.000614,0.000614,0.000614,0.783949
AAACGAAGATGGAGTA-1,0.104586,0.042634,0.080616,0.373512,0.169683,0.00175,0.105372,0.112768,0.009079
AAACGACAGTCTTGCC-1,0.000186,0.000372,0.000186,0.377867,0.225275,0.395556,0.000186,0.000186,0.000186
AAACGAGACGGTTGAT-1,0.020765,0.51385,0.0257,0.004079,0.004732,0.062252,0.100406,0.24118,0.027036
AAACGCCCGAGATCGG-1,0.000043,0.000086,0.021472,0.336473,0.069084,0.572712,0.000043,0.000043,0.000043
AAACGCTGGGCACGAC-1,0.000369,0.038383,0.000369,0.327328,0.632074,0.000369,0.000369,0.000369,0.000369
AAACGGGCGTACGGGT-1,0.000135,0.00027,0.000135,0.052019,0.719155,0.000135,0.057039,0.170976,0.000135
AAACGGGTTGGTATCC-1,0.033679,0.119631,0.000119,0.260266,0.195675,0.138647,0.000119,0.000119,0.251742
AAACGGTTGCGAACTG-1,0.000128,0.258014,0.080433,0.345907,0.226698,0.000128,0.042346,0.046217,0.000128
AAACGTGTTCGCCCTA-1,0.000238,0.000476,0.000238,0.649513,0.291561,0.057259,0.000238,0.000238,0.000238
AAACTAACGTGGCGAC-1,0.000069,0.000137,0.016042,0.440721,0.243567,0.299258,0.000069,0.000069,0.000069
AAACTCGGTTCGCAAT-1,0.000164,0.000329,0.109522,0.301296,0.510272,0.077925,0.000164,0.000164,0.000164
AAACTCGTGATATAAG-1,0.00028,0.21995,0.00028,0.539226,0.239143,0.00028,0.00028,0.00028,0.00028
AAACTGCTGGCTCCAA-1,0.019705,0.000048,0.288307,0.009507,0.111916,0.175047,0.000024,0.3892,0.006247
AAACTTAATTGCACGC-1,0.070368,0.220775,0.013126,0.369389,0.146489,0.000041,0.099706,0.071431,0.008675
AAACTTGCAAACGTAT-1,0.320969,0.062151,0.060657,0.115221,0.122147,0.077207,0.150172,0.044196,0.04728
AAAGAATGACCTTAGA-1,0.034154,0.137005,0.009478,0.400887,0.184454,0.03594,0.07779,0.114212,0.00608
AAAGAATGTGGACTAA-1,0.05011,0.000528,0.000264,0.031844,0.668476,0.000264,0.220648,0.027603,0.000264
AAAGACATGAAGTTTA-1,0.108324,0.000095,0.000048,0.244759,0.064747,0.581344,0.000048,0.000048,0.000588
AAAGACCCAAGTCGCG-1,0.000013,0.305154,0.294462,0.015961,0.073353,0.23775,0.013737,0.037903,0.021667
AAAGACTGGGCGCTTT-1,0.051436,0.000011,0.000378,0.000006,0.000006,0.925579,0.000006,0.020735,0.001844
AAAGCTTGCCTACATA-1,0.000243,0.069961,0.000788,0.739292,0.000243,0.000243,0.000243,0.000243,0.188742
AAAGGCCCTATAATAC-1,0.007938,0.203049,0.00006,0.530222,0.178008,0.00006,0.023291,0.057313,0.00006
AAAGGCTACGGACCAT-1,0.00005,0.185993,0.091606,0.496664,0.083577,0.007397,0.086176,0.00005,0.048488
AAAGGCTCTCGCGCCG-1,0.038332,0.345808,0.005056,0.131524,0.077373,0.111999,0.012847,0.002382,0.274679
AAAGGGATGTAGCAAG-1,0.011171,0.179475,0.074633,0.010885,0.009782,0.051602,0.413803,0.079991,0.168658
AAAGGGCAGCTTGAAT-1,0.930274,0.069649,0.000011,0.000011,0.000011,0.000011,0.000011,0.000011,0.000011
AAAGGTAAGCTGTACC-1,0.000071,0.000143,0.000071,0.392408,0.15558,0.451514,0.000071,0.000071,0.000071
AAAGGTCAACGACATG-1,0.000578,0.001156,0.106965,0.374457,0.000578,0.514531,0.000578,0.000578,0.000578
AAAGTAGCATTGCTCA-1,0.033814,0.395148,0.065659,0.118663,0.01967,0.025273,0.194227,0.102947,0.044599
AAAGTCACTGATGTAA-1,0.097862,0.244242,0.153634,0.038902,0.16107,0.147572,0.041739,0.038888,0.076092
AAAGTCGACCCTCAGT-1,0.85574,0.000044,0.00138,0.05957,0.000022,0.057589,0.000022,0.025611,0.000022
AAAGTGCCATCAATTA-1,0.000217,0.000435,0.000217,0.253835,0.5537,0.000217,0.190942,0.000217,0.000217
AAAGTGTGATTTATCT-1,0.000069,0.339237,0.000069,0.000069,0.584253,0.02575,0.028359,0.022124,0.000069
AAAGTTGACTCCCGTA-1,0.000118,0.289776,0.000118,0.015346,0.660229,0.020199,0.000429,0.013667,0.000118
AAATAACCATACGGGA-1,0.060309,0.000027,0.111462,0.000013,0.000013,0.825057,0.000013,0.003092,0.000013
AAATAAGGTAGTGCCC-1,0.042515,0.268835,0.034625,0.453976,0.083927,0.059853,0.000092,0.031746,0.024429
AAATACCTATAAGCAT-1,0.000025,0.00005,0.429973,0.014847,0.010025,0.356007,0.000025,0.189023,0.000025
AAATAGCTTAGACTTT-1,0.138623,0.239491,0.084864,0.133903,0.256301,0.052343,0.011686,0.072711,0.010078
AAATAGGGTGCTATTG-1,0.020938,0.000169,0.000084,0.004482,0.770876,0.011083,0.072787,0.113129,0.006452
AAATCACTCCTAAACG-1,0.000498,0.000995,0.000498,0.510711,0.222205,0.2636,0.000498,0.000498,0.000498
AAATCCGATACACGCC-1,0.000121,0.000243,0.038013,0.047674,0.677923,0.006784,0.010332,0.208692,0.010217
AAATCGCGGAAGGAGT-1,0.095437,0.055861,0.059241,0.334728,0.189672,0.037892,0.162023,0.046291,0.018856
AAATCGTGTACCACAA-1,0.000008,0.189523,0.107399,0.016152,0.04362,0.013286,0.402282,0.054114,0.173615
AAATCTAGCCCTGCTA-1,0.000128,0.16988,0.000128,0.074661,0.74507,0.000128,0.009751,0.000128,0.000128
AAATCTGCCCGCGTCC-1,0.000037,0.142382,0.016387,0.607904,0.113126,0.000037,0.107857,0.012233,0.000037
AAATGACTGATCAAAC-1,0.000132,0.21149,0.101591,0.382842,0.196509,0.000132,0.085928,0.021245,0.000132
AAATGATTCGATCAGC-1,0.00034,0.197392,0.00034,0.68605,0.114516,0.00034,0.00034,0.00034,0.00034
AAATGCTCGTTACGTT-1,0.23172,0.125457,0.002072,0.012977,0.066883,0.086722,0.326496,0.034029,0.113643
AAATGGCATGTCTTGT-1,0.00007,0.129215,0.00007,0.455224,0.123507,0.218831,0.012049,0.00007,0.060963
AAATGGCCCGTGCCCT-1,0.11352,0.072741,0.052945,0.312845,0.227483,0.016084,0.080832,0.069752,0.053797
AAATGGTCAATGTGCC-1,0.11374,0.096691,0.114509,0.024742,0.000356,0.036237,0.195868,0.400321,0.017538
AAATGTATCTTATCCC-1,0.36081,0.061243,0.000009,0.053741,0.034293,0.347808,0.034069,0.001222,0.106803
AAATGTGGGTGCTCCT-1,0.000082,0.317424,0.012028,0.313996,0.029025,0.016966,0.000082,0.000082,0.310317
AAATTAACGGGTAGCT-1,0.000005,0.466701,0.000005,0.000029,0.000911,0.031686,0.383908,0.09996,0.016795
AAATTAATAAGCGCGA-1,0.097971,0.001447,0.000007,0.000007,0.009039,0.460287,0.1086,0.297511,0.025131
AAATTACACGACTCTG-1,0.194204,0.000056,0.253651,0.003285,0.000028,0.548497,0.000028,0.000222,0.000028
AAATTACCTATCGATG-1,0.000172,0.11702,0.000172,0.634046,0.187598,0.000172,0.025518,0.000172,0.035131
AAATTCCAGGTCCAAA-1,0.125871,0.137842,0.013202,0.341604,0.232062,0.022936,0.050207,0.050813,0.025463
AAATTGATAGTCCTTT-1,0.143218,0.499327,0.110665,0.034503,0.00887,0.005221,0.152355,0.028412,0.017428
AAATTGCGGCGGTTCT-1,0.000146,0.155004,0.000146,0.373832,0.324757,0.046802,0.000146,0.000146,0.099019
AAATTGGTGAGAAGCA-1,0.019192,0.000848,0.00405,0.660204,0.156031,0.158404,0.000424,0.000424,0.000424
AAATTTACCGAAATCC-1,0.089065,0.013583,0.000036,0.133354,0.17829,0.578218,0.003345,0.000036,0.004073
AAATTTGCGGGTGTGG-1,0.060357,0.003245,0.049631,0.001727,0.026284,0.154095,0.191434,0.451454,0.061773
AACAACTGGTAGTTGC-1,0.099126,0.16486,0.005997,0.003127,0.007707,0.015669,0.582267,0.104724,0.016524
AACAATACATTGTCGA-1,0.000047,0.203912,0.138504,0.332926,0.233421,0.010025,0.009554,0.008043,0.063568
AACAATTACTCTACGC-1,0.930679,0.065532,0.000004,0.000004,0.000004,0.000004,0.003763,0.000004,0.000004
AACACACGCTCGCCGC-1,0.027067,0.092669,0.000108,0.000601,0.775424,0.000108,0.035519,0.068394,0.000108
AACACGACTGTACTGA-1,0.068506,0.007145,0.003573,0.003572,0.003572,0.003573,0.003572,0.003573,0.902914
AACACGAGACGCGGCC-1,0.439238,0.077619,0.003105,0.034003,0.011664,0.015583,0.277873,0.060494,0.080422
AACACGCGGCCGCGAA-1,0.071299,0.41917,0.018361,0.017626,0.06731,0.044859,0.003131,0.000012,0.358232
AACAGCTGTGTGGCAA-1,0.058249,0.249651,0.121277,0.133309,0.436436,0.000101,0.000776,0.000101,0.000101
AACAGGAAATCGAATA-1,0.05131,0.239377,0.037309,0.230326,0.172915,0.176135,0.018443,0.000042,0.074143
AACAGGATGGGCCGCG-1,0.103421,0.383993,0.02665,0.010147,0.152646,0.032047,0.191986,0.053621,0.04549
AACAGGTAGTATGGAT-1,0.000115,0.303335,0.000115,0.152934,0.510419,0.000115,0.032737,0.000115,0.000115
AACATAGCGTGTATCG-1,0.000962,0.088876,0.000962,0.319221,0.363868,0.000962,0.000962,0.223226,0.000962
AACATATCAACTGGTG-1,0.000142,0.081164,0.060182,0.639772,0.085288,0.049,0.000142,0.000142,0.084167
AACATCGATACGTCTA-1,0.000275,0.238951,0.000275,0.24079,0.340311,0.140928,0.03792,0.000275,0.000275
AACATTGAAGTTGATC-1,0.000073,0.289064,0.000073,0.450617,0.135985,0.000512,0.115278,0.008326,0.000073
AACATTGGTCAGCCGT-1,0.022273,0.243382,0.00013,0.282183,0.373209,0.078434,0.00013,0.00013,0.00013
AACATTGTGACTCGAG-1,0.00162,0.104298,0.000093,0.561035,0.181526,0.0739,0.000093,0.032091,0.045344
AACCAAGACTTCTCTG-1,0.064248,0.48717,0.003149,0.015394,0.000792,0.00711,0.24336,0.003243,0.175535
AACCAGTATCACTCTT-1,0.083985,0.000064,0.035209,0.089659,0.185002,0.603262,0.000032,0.000032,0.002755
AACCATAGGGTTGAAC-1,0.052237,0.227468,0.017704,0.419567,0.098478,0.050474,0.112117,0.01613,0.005825
AACCATGGGATCGCTA-1,0.075252,0.204397,0.010462,0.007557,0.000796,0.089586,0.187503,0.302572,0.121875
AACCCAGAGACGGAGA-1,0.101842,0.277258,0.090831,0.019477,0.008628,0.143745,0.122806,0.153857,0.081555
AACCCATCCCATGATC-1,0.08454,0.186586,0.018018,0.294228,0.143649,0.007378,0.146447,0.119102,0.000053
AACCCGACAACCCGTG-1,0.000072,0.26515,0.010556,0.51034,0.050956,0.014375,0.041463,0.053799,0.053288
AACCCGAGCAGAATCG-1,0.00013,0.226243,0.00013,0.23936,0.533618,0.00013,0.00013,0.00013,0.00013
AACCCGATAGGGCTTC-1,0.000654,0.001308,0.000654,0.898762,0.000654,0.096008,0.000654,0.000654,0.000654
AACCCGCTGTATTCCA-1,0.000137,0.277654,0.052794,0.251384,0.280908,0.000137,0.098327,0.000137,0.038522
AACCCTACTGTCAATA-1,0.000098,0.374079,0.000098,0.03581,0.367543,0.015325,0.063169,0.097124,0.046753
AACCCTGGTGGAACCA-1,0.081227,0.0023,0.00115,0.00115,0.00115,0.575495,0.00115,0.00115,0.33523
AACCGAGCTTGGTCAT-1,0.079417,0.660879,0.055154,0.036292,0.026985,0.110125,0.002821,0.008028,0.0203
AACCGCTAAGGGATGC-1,0.026127,0.329989,0.000101,0.07156,0.51573,0.055851,0.000101,0.000441,0.000101
AACCGTTGTGTTTGCT-1,0.002638,0.261066,0.260882,0.011575,0.000017,0.37025,0.003094,0.00416,0.086318
AACCTAAAGCCGTCCG-1,0.138379,0.002198,0.001099,0.001099,0.345252,0.508675,0.001099,0.001099,0.001099
AACCTCGCTTTAGCCC-1,0.00015,0.000301,0.00015,0.079418,0.709758,0.00015,0.003068,0.206853,0.00015
AACCTGTCACGGAATT-1,0.118808,0.148356,0.000042,0.247564,0.33671,0.044227,0.015697,0.04907,0.039528
AACCTTTAAATACGGT-1,0.000114,0.000228,0.38949,0.051209,0.457498,0.000114,0.060619,0.040614,0.000114
AACCTTTACGACGTCT-1,0.142443,0.000029,0.306675,0.000015,0.000015,0.550781,0.000015,0.000015,0.000015
AACGAAAGTCGTCCCA-1,0.044952,0.164519,0.052248,0.307005,0.162138,0.072144,0.09934,0.092505,0.00515
AACGACCTCCTAGCCG-1,0.000429,0.000859,0.000429,0.185052,0.811514,0.000429,0.000429,0.000429,0.000429
AACGATAATGCCGTAG-1,0.017497,0.000226,0.139102,0.000113,0.631268,0.199802,0.000113,0.011766,0.000113
AACGATAGAAGGGCCG-1,0.289256,0.333272,0.090433,0.003219,0.028896,0.036489,0.095899,0.053786,0.068751
AACGATATGTCAACTG-1,0.070899,0.473103,0.08356,0.018374,0.006453,0.136668,0.03804,0.009796,0.163106
AACGCATGATCTGGGT-1,0.02862,0.20174,0.000352,0.426543,0.341335,0.000352,0.000352,0.000352,0.000352
AACGCGAACGGCAACA-1,0.061442,0.15876,0.000062,0.484581,0.144209,0.000332,0.028457,0.100486,0.021672
AACGCGACCTTGGGCG-1,0.000118,0.160735,0.104435,0.52311,0.134022,0.010874,0.000118,0.000118,0.06647
AACGCGGTCTCCAGCC-1,0.783038,0.089131,0.060612,0.05014,0.000025,0.000025,0.000025,0.016979,0.000025
AACGCTGTTGCTGAAA-1,0.000125,0.00025,0.000125,0.000125,0.893846,0.000125,0.000125,0.105155,0.000125
AACGGACGTACGTATA-1,0.000101,0.103081,0.000101,0.056744,0.72167,0.042433,0.000101,0.075669,0.000101
AACGGCCATCTCCGGT-1,0.000005,0.101108,0.045305,0.002367,0.025651,0.022281,0.317563,0.448342,0.037377
AACGTACTGTGGGTAC-1,0.127135,0.275163,0.119976,0.029909,0.010362,0.080848,0.118898,0.218656,0.019054
AACGTAGTCTACCCAT-1,0.427886,0.05606,0.012864,0.046684,0.076772,0.229659,0.000016,0.000016,0.150043
AACGTCAGACTAGTGG-1,0.000004,0.125347,0.000472,0.000142,0.011987,0.038648,0.615174,0.166984,0.041241
AACGTCATCCGGCTTG-1,0.00019,0.175127,0.00019,0.514036,0.309698,0.00019,0.00019,0.00019,0.00019
AACGTCGCTGCACTTC-1,0.000256,0.019676,0.000256,0.277286,0.461806,0.000256,0.000256,0.23995,0.000256
AACGTGATGAAGGACA-1,0.00033,0.203776,0.104712,0.00033,0.00033,0.543168,0.00033,0.00033,0.146693
AACGTGCGAAAGTCTC-1,0.000003,0.090807,0.000125,0.000003,0.030249,0.212639,0.0558,0.389248,0.221124
AACGTTATCAGCACCT-1,0.067193,0.13428,0.000046,0.34876,0.15631,0.075336,0.086578,0.048157,0.083341
AACGTTCTACCATTGT-1,0.001087,0.002175,0.001087,0.81433,0.176972,0.001087,0.001087,0.001087,0.001087
AACTACCCGTTTGTCA-1,0.000108,0.228602,0.000108,0.216844,0.533622,0.000108,0.000108,0.015444,0.005058
AACTAGCGTATCGCAC-1,0.02393,0.306249,0.00165,0.080602,0.012028,0.194348,0.01918,0.00247,0.359543
AACTAGGCTTGGGTGT-1,0.000086,0.088958,0.067484,0.15441,0.422859,0.003522,0.073215,0.087321,0.102145
AACTCAAGTTAATTGC-1,0.396908,0.000161,0.000081,0.483617,0.000081,0.000081,0.000081,0.118911,0.000081
AACTCCAGAGCGTGTT-1,0.046781,0.000427,0.000214,0.000214,0.852343,0.000214,0.000214,0.09938,0.000214
AACTCCTAATCCCATG-1,0.005614,0.000029,0.132741,0.000015,0.000015,0.859056,0.000015,0.002501,0.000015
AACTCGATAAACACGT-1,0.095081,0.170385,0.134752,0.361157,0.074861,0.119446,0.007904,0.036287,0.000127
AACTCGATGGCGCAGT-1,0.202628,0.211041,0.009151,0.151086,0.114967,0.044017,0.141181,0.036837,0.089093
AACTCTCAATAGAGCG-1,0.190818,0.247481,0.005191,0.055773,0.393138,0.056281,0.049552,0.0017,0.000065
AACTCTCAGTGTGCTC-1,0.000013,0.381266,0.057443,0.016586,0.000015,0.004504,0.510023,0.021981,0.008168
AACTGAGGTCAGCGTC-1,0.030668,0.000201,0.030825,0.484446,0.144572,0.308987,0.000101,0.000101,0.000101
AACTGAGTTATACTGA-1,0.02536,0.186196,0.000152,0.184355,0.603328,0.000152,0.000152,0.000152,0.000152
AACTGATATTAGGCCT-1,0.051504,0.29651,0.075792,0.189765,0.070434,0.232029,0.022037,0.000067,0.061862
AACTGGGTCCCGACGT-1,0.000012,0.960843,0.000012,0.038612,0.000474,0.000012,0.000012,0.000012,0.000012
AACTGGGTTCGAGCCG-1,0.102688,0.076755,0.000024,0.030448,0.164655,0.600956,0.000527,0.005423,0.018524
AACTGGTGTGGGCCTT-1,0.024719,0.147696,0.037359,0.024792,0.046696,0.143307,0.128438,0.117867,0.329127
AACTTCTGCGTCTATC-1,0.059557,0.072921,0.02916,0.335231,0.18606,0.000074,0.243422,0.032096,0.04148
AACTTGCCCGTATGCA-1,0.173104,0.012311,0.000004,0.000579,0.003809,0.014308,0.668169,0.064963,0.062754
AACTTGCGTTCTCGCG-1,0.174944,0.303152,0.010773,0.230712,0.243676,0.009439,0.009653,0.000064,0.017586
AACTTTACGGGAGCTT-1,0.887276,0.000015,0.000007,0.000007,0.000007,0.109919,0.000007,0.002753,0.000007
AACTTTAGCTGCTGAG-1,0.00001,0.364675,0.004945,0.005634,0.000299,0.089668,0.006166,0.00216,0.526443
AACTTTCTCGATCATG-1,0.000516,0.001031,0.000516,0.974242,0.021633,0.000516,0.000516,0.000516,0.000516
AAGAAAGTTTGATGGG-1,0.000115,0.28692,0.000115,0.587806,0.113986,0.000115,0.010714,0.000115,0.000115
AAGAAATCACCAGATT-1,0.000585,0.00117,0.000585,0.770399,0.224922,0.000585,0.000585,0.000585,0.000585
AAGAAGGATCAGTTAG-1,0.353198,0.172355,0.176321,0.042889,0.034608,0.128123,0.020105,0.02038,0.052021
AAGACATACGTGGTTT-1,0.00031,0.000619,0.00031,0.109671,0.675622,0.00031,0.00031,0.21254,0.00031
AAGACCAAATAACTCA-1,0.046283,0.105887,0.046197,0.414216,0.093825,0.013114,0.124326,0.133193,0.022958
AAGACCCAACTGAACA-1,0.01808,0.445094,0.110068,0.07521,0.000007,0.008125,0.003316,0.000471,0.339629
AAGACTAACCCGTTGT-1,0.000091,0.271913,0.000091,0.032958,0.536696,0.089425,0.000091,0.000091,0.068646
AAGACTCACGCCCACT-1,0.087779,0.000083,0.015589,0.135922,0.205889,0.554612,0.000042,0.000042,0.000042
AAGACTGCAAGCTACT-1,0.000005,0.034714,0.000005,0.000005,0.013791,0.058506,0.02684,0.22825,0.637882
AAGAGATGAATCGGTA-1,0.02698,0.037005,0.054521,0.001714,0.001958,0.076431,0.332516,0.30387,0.165005
AAGAGCTCTTTATCGG-1,0.000005,0.346876,0.029473,0.00106,0.00293,0.150802,0.030926,0.192821,0.245107
AAGAGGATGTACGCGA-1,0.7658,0.000021,0.130319,0.0006,0.014384,0.033119,0.00001,0.041247,0.014502
AAGAGGCATGGATCGC-1,0.43333,0.147812,0.086668,0.011392,0.000417,0.031765,0.037214,0.19416,0.057244
AAGAGGCCCTTTGGAA-1,0.000162,0.246077,0.000162,0.024906,0.725202,0.000162,0.000162,0.003005,0.000162
AAGATGGCACCGGACC-1,0.06684,0.603059,0.09525,0.034765,0.005931,0.108321,0.001375,0.003075,0.081385
AAGATTGGCGGAACGT-1,0.00007,0.048564,0.063315,0.652569,0.105195,0.035674,0.00007,0.00007,0.094473
AAGCACCCTGCGTATC-1,0.00015,0.000299,0.243618,0.083095,0.546203,0.106398,0.00015,0.00015,0.019938
AAGCATACTCTCCTGA-1,0.000118,0.000235,0.32028,0.000118,0.498118,0.116316,0.043828,0.00283,0.018157
AAGCCACTTGCAGGTA-1,0.000062,0.109257,0.020258,0.670414,0.118849,0.007399,0.073638,0.000062,0.000062
AAGCCGAAGCGGTTTA-1,0.000123,0.256084,0.000123,0.081752,0.654016,0.000123,0.000123,0.007534,0.000123
AAGCCGCCGTGAAATC-1,0.012551,0.126472,0.021901,0.501383,0.073854,0.008483,0.155857,0.067647,0.031853
AAGCCGCTTTACCTTG-1,0.000553,0.001105,0.000553,0.794264,0.201315,0.000553,0.000553,0.000553,0.000553
AAGCCGGAGAGCAGGA-1,0.000244,0.231301,0.000244,0.055415,0.711821,0.000244,0.000244,0.000244,0.000244
AAGCGCAGGGCTTTGA-1,0.000147,0.003064,0.176853,0.147827,0.598131,0.000147,0.000147,0.073537,0.000147
AAGCGGAGTGCGCGCA-1,0.092031,0.001093,0.000547,0.224738,0.634189,0.000547,0.045762,0.000547,0.000547
AAGCGGCGTCATGGGT-1,0.025047,0.000069,0.059846,0.128468,0.115501,0.670966,0.000034,0.000034,0.000034
AAGCGTCCCTCATCGA-1,0.0843,0.212723,0.133356,0.115823,0.114403,0.079218,0.146207,0.003144,0.110826
AAGCTAGATCGAGTAA-1,0.005245,0.000051,0.694771,0.03283,0.000026,0.266999,0.000026,0.000026,0.000026
AAGCTATGGATTGACC-1,0.038694,0.000328,0.132339,0.67198,0.156003,0.000164,0.000164,0.000164,0.000164
AAGCTCGTGCCAAGTC-1,0.000005,0.054237,0.000471,0.000005,0.019371,0.271208,0.109324,0.33192,0.213459
AAGCTCTTTCATGGTG-1,0.000183,0.000366,0.000183,0.000183,0.648921,0.094813,0.000183,0.254985,0.000183
AAGGAGAACTTATAAG-1,0.000645,0.334234,0.000645,0.661249,0.000645,0.000645,0.000645,0.000645,0.000645
AAGGAGCGGTTGGTGC-1,0.05922,0.552734,0.015558,0.000166,0.030123,0.008037,0.212193,0.112436,0.009533
AAGGATCGATCGCTTG-1,0.030623,0.273287,0.000094,0.216122,0.346101,0.100429,0.002876,0.030373,0.000094
AAGGATGAGGGACCTC-1,0.000065,0.04061,0.002026,0.770112,0.016454,0.044846,0.000065,0.000065,0.125756
AAGGCAGGCTGTCTCC-1,0.032434,0.203519,0.000892,0.200353,0.388015,0.069851,0.00007,0.104796,0.00007
AAGGCGCGTAAAGCTT-1,0.290989,0.051477,0.013133,0.001055,0.01537,0.039799,0.139579,0.41342,0.035179
AAGGCTGTGCTCATCG-1,0.028072,0.294011,0.02232,0.036139,0.000406,0.006673,0.40992,0.156732,0.045727
AAGGGAACGACTGGCT-1,0.102042,0.3078,0.001081,0.369756,0.146343,0.000072,0.048598,0.000072,0.024237
AAGGGACAGATTCTGT-1,0.000143,0.052475,0.005804,0.668298,0.074456,0.059941,0.084964,0.010725,0.043193
AAGGGACTATGCATTC-1,0.09652,0.214949,0.04677,0.452733,0.098298,0.000104,0.042743,0.02283,0.025053
AAGGGTTAGCCATGCG-1,0.000813,0.001627,0.000813,0.000813,0.937248,0.000813,0.056246,0.000813,0.000813
AAGGGTTTGATTTCAG-1,0.09105,0.008278,0.019293,0.547381,0.108819,0.086067,0.126766,0.011831,0.000517
AAGGTATCCTAATATA-1,0.000066,0.144882,0.150565,0.38625,0.12903,0.146888,0.000066,0.000066,0.042186
AAGGTGATAAACCAGC-1,0.000052,0.252479,0.006361,0.071591,0.628955,0.012604,0.002451,0.025456,0.000052
AAGTAAGCTTCCAAAC-1,0.250944,0.12401,0.001363,0.157293,0.076812,0.233287,0.000023,0.000023,0.156246
AAGTAGAAGACCGGGT-1,0.000007,0.163753,0.007276,0.001932,0.028773,0.023617,0.355296,0.297863,0.121482
AAGTAGTGACGCGAGG-1,0.115675,0.043572,0.049457,0.007072,0.061053,0.271274,0.052654,0.230571,0.168672
AAGTCAATTGTCGTCA-1,0.000138,0.278506,0.000138,0.053815,0.621793,0.042501,0.000138,0.002834,0.000138
AAGTCTAGTAGCTGCC-1,0.000513,0.144728,0.000513,0.596682,0.255512,0.000513,0.000513,0.000513,0.000513
AAGTCTTCTGTGGCCT-1,0.215083,0.000103,0.066654,0.128576,0.213399,0.219564,0.003273,0.130239,0.023109
AAGTGACGACCGAATT-1,0.263193,0.000033,0.328955,0.010189,0.000068,0.157869,0.003932,0.198297,0.037463
AAGTGAGTCGGGTTTA-1,0.008571,0.485922,0.018149,0.155799,0.037963,0.078558,0.101283,0.016092,0.097665
AAGTGCAAAGGTAGAC-1,0.04162,0.00001,0.000005,0.000005,0.010205,0.849606,0.018185,0.065672,0.014694
AAGTGCCTTGACTGTA-1,0.00011,0.329669,0.067758,0.00011,0.420413,0.00128,0.081628,0.098922,0.00011
AAGTGCGTTAGAATCT-1,0.019918,0.316509,0.049313,0.149467,0.032767,0.024171,0.192128,0.196805,0.018922
AAGTGCTTCTCTATTG-1,0.000129,0.324431,0.040957,0.600718,0.000129,0.000129,0.031191,0.000129,0.002185
AAGTGTTTGGAGACGG-1,0.000088,0.000176,0.000088,0.004946,0.665377,0.006009,0.007062,0.316167,0.000088
AAGTTCACTCCAAGCT-1,0.000163,0.000326,0.000163,0.017451,0.670682,0.053363,0.000163,0.257527,0.000163
AAGTTCAGTCTGCGTA-1,0.000322,0.000643,0.087377,0.318041,0.501382,0.091271,0.000322,0.000322,0.000322
AAGTTCGGCCAACAGG-1,0.642549,0.040692,0.053093,0.019959,0.001573,0.003783,0.03184,0.206498,0.000012
AAGTTGTGATGTTATA-1,0.000319,0.000637,0.029506,0.029014,0.800699,0.000319,0.000319,0.13887,0.000319
AAGTTTACTAATGGCA-1,0.002565,0.00513,0.002565,0.002565,0.002565,0.002565,0.002565,0.002565,0.976916
AAGTTTATGGGCCCAA-1,0.000155,0.082831,0.144727,0.226,0.545666,0.000155,0.000155,0.000155,0.000155
AATAACAACGCTCGGC-1,0.017963,0.000011,0.035114,0.000046,0.003818,0.323177,0.002383,0.425203,0.192286
AATAACACTAGAACAA-1,0.000007,0.997895,0.000007,0.000007,0.000625,0.000007,0.00144,0.000007,0.000007
AATAACGTCGCGCCCA-1,0.000377,0.000755,0.000377,0.477782,0.510121,0.000377,0.000377,0.009455,0.000377
AATAAGTCCTCGAGAC-1,0.000433,0.156641,0.000433,0.529725,0.000433,0.22356,0.000433,0.000433,0.087908
AATAATCTTCGTATCG-1,0.017933,0.266371,0.000141,0.226866,0.488122,0.000141,0.000141,0.000141,0.000141
AATACAATGTTTCAGG-1,0.183805,0.24603,0.001784,0.125011,0.159248,0.002084,0.240465,0.0275,0.014073
AATACCGGAGGGCTGT-1,0.000075,0.136443,0.060608,0.425395,0.221155,0.000075,0.037891,0.000075,0.118283
AATACCTGATGTGAAC-1,0.000211,0.000422,0.000211,0.037457,0.960855,0.000211,0.000211,0.000211,0.000211
AATAGAACAGAGTGGC-1,0.000005,0.071173,0.056658,0.002651,0.010337,0.000017,0.729693,0.039016,0.090451
AATAGAATCTGTTTCA-1,0.000122,0.009107,0.000122,0.000933,0.819336,0.003945,0.124105,0.042208,0.000122
AATAGCAAGCCTCCTG-1,0.000069,0.000138,0.043008,0.475243,0.077424,0.403909,0.000069,0.000069,0.000069
AATAGCTACCGCGTGC-1,0.056681,0.000614,0.000307,0.356843,0.489967,0.000307,0.000307,0.000307,0.094668
AATAGGCACGACCCTT-1,0.000139,0.226185,0.000139,0.558487,0.057889,0.000139,0.15212,0.000139,0.004764
AATAGTCCGTCCCGAC-1,0.000011,0.385926,0.048873,0.155547,0.05485,0.034896,0.171872,0.033744,0.11428
AATAGTCGCGAGTCGG-1,0.127963,0.003684,0.067482,0.058808,0.078428,0.370678,0.000008,0.000008,0.292942
AATATCAAGGTCGGAT-1,0.000008,0.737764,0.000008,0.000008,0.008021,0.086357,0.012743,0.035938,0.119154
AATATCCTAGCAAACT-1,0.22168,0.000113,0.136015,0.293936,0.18584,0.092761,0.019589,0.03061,0.019456
AATATCGAATCAATGC-1,0.00013,0.25431,0.109167,0.006408,0.622984,0.00013,0.00013,0.006611,0.00013
AATATCGAGGGTTCTC-1,0.000191,0.068397,0.000191,0.752927,0.000191,0.152148,0.000191,0.000191,0.025575
AATATTGGAGTATTGA-1,0.155081,0.018973,0.000013,0.000874,0.000013,0.34257,0.196021,0.084597,0.201859
AATCAGACTGCAGGAC-1,0.000151,0.297613,0.09893,0.297055,0.174068,0.000151,0.002991,0.014333,0.114708
AATCAGGTTTCATTTA-1,0.000112,0.181702,0.038286,0.449061,0.136936,0.024225,0.032676,0.004542,0.132461
AATCATGTAAAGACTC-1,0.000149,0.040674,0.032647,0.029985,0.850626,0.000149,0.045473,0.000149,0.000149
AATCCAAGGGCCTGAG-1,0.000015,0.356465,0.096519,0.03028,0.149941,0.063573,0.184431,0.086016,0.032759
AATCCATGCAAGGGTG-1,0.012433,0.172013,0.011322,0.244869,0.229737,0.062457,0.106085,0.060529,0.100554
AATCCCGCTCAGAGCC-1,0.000158,0.177936,0.046519,0.301135,0.343365,0.000158,0.000158,0.000158,0.130412
AATCGAGGTCTCAAGG-1,0.002382,0.182665,0.002382,0.331332,0.002382,0.248706,0.22539,0.002382,0.002382
AATCGCCTCAGCGCCA-1,0.000005,0.286492,0.006647,0.001969,0.081906,0.079493,0.102856,0.163661,0.27697
AATCGCGCAGAGGACT-1,0.051276,0.162512,0.076882,0.153226,0.427296,0.005419,0.008454,0.095405,0.01953
AATCGGGACACTACGA-1,0.000021,0.093394,0.00171,0.003703,0.12749,0.015122,0.491138,0.037235,0.230187
AATCGGTATAGCCCTC-1,0.000424,0.075853,0.000424,0.123512,0.39282,0.000424,0.0324,0.373719,0.000424
AATCGTGAGCCGAGCA-1,0.042632,0.036867,0.000172,0.090996,0.590573,0.000172,0.053718,0.074386,0.110483
AATCTAGGTTTACTTG-1,0.080848,0.147211,0.061946,0.141147,0.363561,0.165761,0.010832,0.028565,0.00013
AATCTATGCCGGAGCC-1,0.000156,0.095591,0.114203,0.715063,0.052887,0.000156,0.000156,0.000156,0.021633
AATCTCTACTGTGGTT-1,0.600499,0.000055,0.01878,0.008774,0.121395,0.134654,0.000027,0.11503,0.000786
AATCTGCGTTGGGACG-1,0.052112,0.534402,0.013385,0.176528,0.081449,0.056671,0.010899,0.031578,0.042976
AATCTGGCTTTCTAGT-1,0.084969,0.108526,0.14139,0.01926,0.414852,0.011842,0.186873,0.019247,0.013041
AATCTGGGTAGACCCT-1,0.073366,0.000075,0.000052,0.139733,0.137839,0.648615,0.000037,0.000085,0.000198
AATGACAGCAATGTCT-1,0.000007,0.825572,0.004216,0.003231,0.001379,0.001271,0.087642,0.059273,0.017409
AATGACGTAGGATGTC-1,0.36419,0.000011,0.001372,0.000005,0.044567,0.018364,0.059578,0.50836,0.003552
AATGACTGTCAGCCGG-1,0.003815,0.662454,0.005641,0.007436,0.140289,0.008274,0.138877,0.028426,0.004789
AATGAGTTCGCATATG-1,0.214094,0.211773,0.000061,0.074492,0.305554,0.000061,0.12486,0.065819,0.003285
AATGATGATACGCTAT-1,0.000222,0.019808,0.000222,0.552928,0.167064,0.052072,0.000222,0.000222,0.207242
AATGATGCGACTCCTG-1,0.000268,0.000536,0.000268,0.631862,0.167241,0.000268,0.000268,0.000268,0.19902
AATGCAACCGGGTACC-1,0.130016,0.038939,0.160391,0.004917,0.01433,0.056178,0.348668,0.127358,0.119203
AATGCACCAAGCAATG-1,0.063291,0.023139,0.000133,0.563967,0.139314,0.209752,0.000133,0.000133,0.000139
AATGGCCGCCAATGCG-1,0.000637,0.001274,0.000637,0.564469,0.430434,0.000637,0.000637,0.000637,0.000637
AATGGTCCACCGTTCA-1,0.323627,0.000014,0.084703,0.000007,0.000007,0.574296,0.000007,0.017331,0.000007
AATGGTTCTCACAAGC-1,0.024529,0.114487,0.058702,0.024937,0.000488,0.089537,0.153286,0.478768,0.055266
AATGTATGGCACTGTA-1,0.059715,0.179838,0.000433,0.427637,0.08721,0.000045,0.174789,0.06711,0.003224
AATGTGCCCGAGGTGT-1,0.075969,0.027029,0.000683,0.028361,0.015737,0.3965,0.245949,0.136167,0.073606
AATGTGCTAATCTGAG-1,0.013092,0.233496,0.046373,0.417559,0.1951,0.000093,0.0941,0.000093,0.000093
AATGTTAAGACCCTGA-1,0.00164,0.272621,0.00164,0.21888,0.49866,0.00164,0.00164,0.00164,0.00164
AATGTTGTCGTGAGAC-1,0.000293,0.028622,0.000292,0.000292,0.859462,0.110161,0.000292,0.000292,0.000292
AATTAAAGGTCGGCGT-1,0.000016,0.319037,0.046283,0.057403,0.030803,0.010984,0.413611,0.054184,0.067679
AATTAACGGATTTCCA-1,0.000114,0.000826,0.177001,0.180439,0.369097,0.036264,0.120804,0.115341,0.000114
AATTACGAGACCCATC-1,0.032323,0.077192,0.044697,0.442827,0.170085,0.067826,0.064884,0.099617,0.000549
AATTACTCGTACGCTC-1,0.07968,0.109426,0.000123,0.49628,0.118997,0.000123,0.150031,0.000123,0.045217
AATTAGCGCTGCAGCG-1,0.000015,0.099324,0.068164,0.000015,0.070006,0.000015,0.756918,0.002247,0.003295
AATTATACCCAGCAAG-1,0.000196,0.000392,0.000196,0.158039,0.539293,0.000196,0.146224,0.155269,0.000196
AATTCATAAGGGATCT-1,0.002276,0.160216,0.000044,0.673387,0.006009,0.15572,0.000044,0.000044,0.002261
AATTCATTGTCATGCA-1,0.031052,0.242706,0.00005,0.371491,0.094631,0.043117,0.122031,0.079468,0.015455
AATTCCAACTTGGTGA-1,0.063373,0.271512,0.00016,0.408118,0.171384,0.075985,0.00016,0.00016,0.009147
AATTCCAAGCATGTAC-1,0.000168,0.152131,0.182469,0.466993,0.181187,0.000168,0.016547,0.000168,0.000168
AATTCGATTCGAGGAT-1,0.000192,0.000385,0.126731,0.119643,0.632568,0.000192,0.000192,0.119905,0.000192
AATTCTAGAGTTAGGC-1,0.000013,0.005753,0.096757,0.000013,0.00007,0.000606,0.449325,0.30322,0.144243
AATTGAACGCTCTGGT-1,0.040094,0.000134,0.000067,0.000067,0.721203,0.042395,0.000067,0.179736,0.016237
AATTGCAGCAATCGAC-1,0.000182,0.000364,0.000182,0.000182,0.949764,0.000182,0.000182,0.048778,0.000182
AATTGCGTGGATTACA-1,0.064502,0.179843,0.022329,0.476999,0.093538,0.000047,0.129875,0.032821,0.000047
AATTGTGGTTGCCAAA-1,0.000222,0.090675,0.000222,0.382824,0.52517,0.000222,0.000222,0.000222,0.000222
AATTTGGGACATAGTA-1,0.000016,0.000032,0.265106,0.000016,0.000016,0.734766,0.000016,0.000016,0.000016
AATTTGGTTCCAAAGA-1,0.153631,0.345487,0.050673,0.06393,0.033618,0.080274,0.002305,0.000251,0.269832
ACAAACCATGCGTCCT-1,0.06364,0.254366,0.038607,0.396522,0.131563,0.001069,0.08168,0.032508,0.000043
ACAAACCGACAAGGCG-1,0.000179,0.000357,0.066668,0.025634,0.06342,0.843206,0.000179,0.000179,0.000179
ACAAACTCCATCAGAG-1,0.000077,0.167447,0.000077,0.793242,0.038852,0.000077,0.000077,0.000077,0.000077
ACAAAGAAGGTAGGCC-1,0.228748,0.000094,0.1112,0.284707,0.153363,0.082959,0.00005,0.040295,0.098585
ACAAAGCATGACCTAG-1,0.041704,0.000426,0.000213,0.086534,0.787563,0.000213,0.000213,0.082921,0.000213
ACAAATCGCACCGAAT-1,0.024882,0.000168,0.000084,0.000084,0.724819,0.002353,0.01789,0.229638,0.000084
ACAAATGGTAGTGTTT-1,0.022235,0.106032,0.000062,0.000062,0.673454,0.076633,0.04038,0.062359,0.018783
ACAAATTCAGATCTGA-1,0.000026,0.000052,0.009939,0.347645,0.048278,0.593981,0.000026,0.000026,0.000026
ACAACAGCATGAGCTA-1,0.000006,0.278899,0.018699,0.000878,0.030191,0.22655,0.064096,0.0903,0.290379
ACAACGGTCCCTGCGA-1,0.032933,0.241662,0.004196,0.003487,0.008782,0.008287,0.392203,0.114471,0.193979
ACAAGCAGTGCCTAGC-1,0.964889,0.005322,0.000005,0.000005,0.000005,0.000005,0.029759,0.000005,0.000005
ACAAGCTATATGGAAG-1,0.237312,0.000043,0.047465,0.026179,0.206976,0.339017,0.000022,0.123074,0.019911
ACAAGGAAATCCGCCC-1,0.123806,0.00668,0.004538,0.001781,0.057371,0.040462,0.176979,0.36976,0.218623
ACAAGGACAAGAGGTT-1,0.000006,0.015155,0.029047,0.000006,0.012902,0.056439,0.325481,0.507501,0.053463
ACAAGGATGCTTTAGG-1,0.000153,0.000307,0.000153,0.072442,0.690899,0.000153,0.028341,0.207398,0.000153
ACAAGGCCTACCAGCC-1,0.046111,0.000075,0.052479,0.234032,0.129279,0.537912,0.000038,0.000038,0.000038
ACAAGGGCAGGCTCTG-1,0.02578,0.000006,0.000015,0.000061,0.042236,0.144431,0.073332,0.624771,0.089367
ACAAGTAATTGTAAGG-1,0.000123,0.236538,0.000123,0.66074,0.034598,0.000123,0.067509,0.000123,0.000123
ACAATAGTCGTACGTT-1,0.208246,0.671198,0.000299,0.05913,0.000018,0.005385,0.004259,0.000018,0.051447
ACAATCCATTTAAACC-1,0.04963,0.049406,0.021421,0.087331,0.004864,0.224911,0.193631,0.250494,0.118312
ACAATCGATCTTTATA-1,0.002632,0.005265,0.219177,0.002632,0.002632,0.002632,0.359073,0.002632,0.403323
ACAATGAATACGGAGA-1,0.070521,0.406836,0.022371,0.260119,0.074512,0.00002,0.115309,0.014175,0.036137
ACAATGATTCTTCTAC-1,0.000107,0.000215,0.000107,0.526613,0.139564,0.333071,0.000107,0.000107,0.000107
ACAATTGTGTCTCTTT-1,0.031298,0.264999,0.000187,0.000187,0.634922,0.067845,0.000187,0.000187,0.000187
ACAATTTAGGAGGCTC-1,0.13481,0.000014,0.029215,0.000007,0.000007,0.705604,0.000007,0.130329,0.000007
ACAATTTGAGCAGTGG-1,0.000019,0.683764,0.000019,0.136462,0.000626,0.006774,0.001629,0.000019,0.17069
ACAATTTGGCCATATT-1,0.090417,0.132322,0.008068,0.234509,0.312155,0.018737,0.080676,0.123042,0.000073
ACACAAAGACGGGTGG-1,0.172024,0.144538,0.264064,0.018789,0.0465,0.085558,0.119786,0.073851,0.07489
ACACAAATATTCCTAG-1,0.000349,0.000697,0.001105,0.678055,0.182633,0.136116,0.000349,0.000349,0.000349
ACACACCAGGACCAGT-1,0.000071,0.276905,0.000071,0.027154,0.582457,0.000071,0.056057,0.054123,0.00309
ACACACTTTCTACACG-1,0.000018,0.924284,0.017224,0.047723,0.000739,0.000018,0.000018,0.000018,0.009957
ACACATGATCAAATCT-1,0.055694,0.31108,0.011639,0.160743,0.33758,0.012379,0.045701,0.053148,0.012037
ACACATTGACGCAACA-1,0.013863,0.138564,0.083921,0.50672,0.103599,0.013735,0.039196,0.068048,0.032354
ACACATTTCCGTAGAC-1,0.00011,0.157078,0.048596,0.215931,0.567647,0.00011,0.010308,0.00011,0.00011
ACACCACATAATTAGC-1,0.04867,0.090836,0.0001,0.587925,0.179575,0.044675,0.0001,0.022692,0.025427
ACACCCAGCATGCAGC-1,0.180133,0.136047,0.159183,0.004188,0.02115,0.062733,0.209638,0.17624,0.050688
ACACCCGAGAAATCCG-1,0.022138,0.099346,0.051568,0.00279,0.000584,0.132648,0.073068,0.573381,0.044476
ACACCCGTAAATCTGT-1,0.001516,0.003031,0.001516,0.229192,0.538352,0.221847,0.001516,0.001516,0.001516
ACACCGAGCGCTCTTT-1,0.030202,0.095345,0.000107,0.484576,0.099126,0.067147,0.045802,0.112676,0.065021
ACACCGGTCTGACCGC-1,0.090099,0.222173,0.032206,0.413849,0.141654,0.000052,0.085671,0.014243,0.000052
ACACCTTAAGTAGGGC-1,0.000006,0.590454,0.000634,0.000355,0.03502,0.000006,0.36645,0.006562,0.000513
ACACCTTACTACTTGC-1,0.019896,0.190032,0.000078,0.292029,0.460037,0.009173,0.005686,0.022991,0.000078
ACACGAGACTCCTTCT-1,0.000007,0.185265,0.000007,0.000007,0.023599,0.062365,0.312946,0.050423,0.365381
ACACGGCACTATGCAT-1,0.000667,0.001334,0.000667,0.743812,0.000667,0.07228,0.000667,0.000667,0.17924
ACACGGGAACTTAGGG-1,0.000026,0.430418,0.019126,0.021107,0.018107,0.070026,0.246385,0.034922,0.159883
ACACGTAGGCCACAAG-1,0.000218,0.18603,0.000218,0.000218,0.812441,0.000218,0.000218,0.000218,0.000218
ACACTCCAATGTCACT-1,0.106213,0.253558,0.000073,0.131075,0.301326,0.000073,0.092982,0.079161,0.03554
ACACTGATCAAGGTGT-1,0.000008,0.547732,0.026624,0.006771,0.023917,0.000008,0.350379,0.0162,0.028361
ACACTGGGACAGTCGT-1,0.000234,0.332569,0.000234,0.156006,0.510019,0.000234,0.000234,0.000234,0.000234
ACAGAACTGAGAACAA-1,0.061998,0.260642,0.034937,0.311658,0.063206,0.00608,0.156372,0.089432,0.015675
ACAGATTAGGTTAGTG-1,0.02763,0.000064,0.114332,0.015664,0.000289,0.365166,0.000032,0.023762,0.453062
ACAGCATAGAGCCAGT-1,0.039655,0.000265,0.273619,0.00001,0.011348,0.371439,0.00001,0.125394,0.17826
ACAGCGACATTCTCAT-1,0.00022,0.00044,0.00022,0.00022,0.998021,0.00022,0.00022,0.00022,0.00022
ACAGCGCACCCGCAGC-1,0.00115,0.0023,0.402382,0.00115,0.00115,0.460521,0.00115,0.00115,0.129049
ACAGGAGGCGCAGCCG-1,0.061883,0.264286,0.000221,0.255458,0.246041,0.08253,0.089138,0.000221,0.000221
ACAGGCACGGATCCTT-1,0.034061,0.000483,0.000242,0.055705,0.491205,0.075213,0.03577,0.30708,0.000242
ACAGGCTTGCCCGACT-1,0.048711,0.000302,0.043521,0.000151,0.850701,0.000151,0.000151,0.056162,0.000151
ACAGGTGGAGGTGAGG-1,0.004845,0.5716,0.051227,0.016965,0.002625,0.011189,0.224707,0.112189,0.004653
ACAGGTGTGTTGTTGC-1,0.25466,0.000141,0.052787,0.036536,0.26757,0.319416,0.00007,0.042981,0.025838
ACAGTAATACAACTTG-1,0.29445,0.035839,0.000684,0.257539,0.21671,0.020065,0.073708,0.011039,0.089967
ACAGTATACCGTGGGA-1,0.000292,0.033806,0.000292,0.387208,0.577236,0.000292,0.000292,0.000292,0.000292
ACAGTGCAGCGCATTT-1,0.000553,0.001105,0.000553,0.221925,0.365433,0.408773,0.000553,0.000553,0.000553
ACATAAGTCGTGGTGA-1,0.078119,0.199661,0.135388,0.109421,0.271181,0.000045,0.108645,0.080628,0.016912
ACATAATAAGGCGGTG-1,0.023159,0.425226,0.139894,0.022733,0.02654,0.07179,0.003083,0.007251,0.280324
ACATACAATCAAGCGG-1,0.000297,0.068349,0.000297,0.185939,0.479382,0.000297,0.208173,0.000297,0.056971
ACATCAGCTGGGACGC-1,0.240201,0.000025,0.083472,0.001536,0.000013,0.575787,0.000013,0.09894,0.000013
ACATCCCGGCCATACG-1,0.000047,0.436902,0.05313,0.087884,0.02597,0.007564,0.051902,0.00153,0.335071
ACATCCTGGTAACTGT-1,0.000126,0.180814,0.000126,0.303633,0.359822,0.000126,0.028828,0.123227,0.003296
ACATCGATCGTTTACC-1,0.000009,0.000018,0.015687,0.000009,0.002279,0.214275,0.12925,0.508928,0.129546
ACATCGCAATATTCGG-1,0.00013,0.281467,0.00013,0.566381,0.151371,0.00013,0.00013,0.00013,0.00013
ACATCGGTCAGCCGCG-1,0.065435,0.01542,0.020452,0.038001,0.000021,0.058237,0.23915,0.554359,0.008925
ACATCGTATGCAATGG-1,0.068562,0.000077,0.000039,0.000039,0.512051,0.009872,0.026189,0.383134,0.000039
ACATCGTTAACCTAGT-1,0.059744,0.000797,0.000399,0.480334,0.000399,0.269401,0.000399,0.000399,0.18813
ACATCTCAACGCGTAA-1,0.105656,0.00125,0.000625,0.000625,0.126348,0.506478,0.000625,0.000625,0.257766
ACATGCTTACGGCAGC-1,0.000113,0.257962,0.001482,0.459227,0.221775,0.000113,0.059103,0.000113,0.000113
ACATGGCGCCAAAGTA-1,0.00008,0.151696,0.00756,0.182817,0.480132,0.005934,0.002407,0.155637,0.013738
ACATGGCTCAATTTAG-1,0.062151,0.010472,0.000154,0.602225,0.246536,0.000154,0.027517,0.050637,0.000154
ACATTAGTTTATATCC-1,0.212596,0.116403,0.333677,0.030659,0.003905,0.022787,0.051779,0.175307,0.052887
ACATTCGCGCGGAATA-1,0.000057,0.123363,0.016681,0.61339,0.159344,0.000057,0.085983,0.001068,0.000057
ACATTTGAAACCTAAC-1,0.000196,0.000392,0.000196,0.098701,0.799968,0.000196,0.099961,0.000196,0.000196
ACCAAACACCCAGCGA-1,0.013339,0.082912,0.00017,0.601789,0.267641,0.033638,0.00017,0.00017,0.00017
ACCAAACTAGAAATCC-1,0.000595,0.062266,0.000595,0.696797,0.000595,0.000595,0.000595,0.000595,0.237365
ACCAACACCACACACT-1,0.000219,0.070704,0.000219,0.575234,0.188973,0.163994,0.000219,0.000219,0.000219
ACCAACCGCACTCCAC-1,0.000202,0.000405,0.000202,0.050236,0.772477,0.000202,0.1111,0.064971,0.000202
ACCAACGCTTATTTAT-1,0.000026,0.989511,0.000026,0.008664,0.00167,0.000026,0.000026,0.000026,0.000026
ACCAAGAACGCGTGTC-1,0.000008,0.897342,0.001703,0.000008,0.069239,0.000008,0.029357,0.002327,0.000008
ACCAAGTCATCGGCAG-1,0.000291,0.000582,0.000291,0.000291,0.997383,0.000291,0.000291,0.000291,0.000291
ACCAATATGCAAGTTA-1,0.000109,0.000217,0.000109,0.023283,0.753975,0.018129,0.000109,0.203961,0.000109
ACCACAACTCAGAACA-1,0.000025,0.00005,0.000025,0.10713,0.239563,0.624231,0.000032,0.028918,0.000027
ACCACAAGTTTCTATC-1,0.133311,0.030202,0.394044,0.006001,0.004418,0.101582,0.022186,0.211175,0.097079
ACCACACGGTTGATGG-1,0.000172,0.158992,0.104646,0.196762,0.538742,0.000172,0.000172,0.000172,0.000172
ACCACCAATGTAACAA-1,0.011856,0.21038,0.000061,0.248708,0.424673,0.053437,0.006947,0.039059,0.004879
ACCACCCTCTCTTCTA-1,0.000294,0.237972,0.000294,0.455963,0.3043,0.000294,0.000294,0.000294,0.000294
ACCACGTGCAGCTATA-1,0.000004,0.000008,0.000004,0.000004,0.056263,0.025177,0.343439,0.550272,0.024831
ACCACTGTTCAAGAAG-1,0.088485,0.124321,0.000097,0.540508,0.10024,0.016979,0.024288,0.0342,0.070881
ACCAGACCATAACAAC-1,0.130157,0.000012,0.100704,0.005542,0.056403,0.308593,0.022696,0.345559,0.030334
ACCAGCCCGGTCTTTG-1,0.001031,0.647144,0.001031,0.001031,0.001031,0.345637,0.001031,0.001031,0.001031
ACCAGGAGTGTGATCT-1,0.001352,0.431542,0.001352,0.001352,0.001352,0.001352,0.001352,0.001352,0.558996
ACCAGTGCCCGGTCAA-1,0.001462,0.000055,0.034638,0.348468,0.081922,0.533372,0.000028,0.000028,0.000028
ACCAGTGCGGGAGACG-1,0.000128,0.169394,0.000128,0.103706,0.64084,0.000128,0.000128,0.085418,0.000128
ACCATATCCGCAATAA-1,0.259076,0.104881,0.085507,0.073926,0.000046,0.050611,0.143543,0.275794,0.006617
ACCATCCGCCAACTAG-1,0.230323,0.014432,0.004553,0.396005,0.059261,0.140061,0.056136,0.030005,0.069223
