Barcode,Topic 1,Topic 2to3,Topic 4to6,Topic 7,Topic 8to10
AAACAACGAATAGTTC-1,0.000085,0.186317,0.580548,0.042751,0.1903
AAACAAGTATCTCCCA-1,0.000096,0.217166,0.781523,0.000929,0.000287
AAACAATCTACTAGCA-1,0.092335,0.061361,0.028075,0.337537,0.480692
AAACACCAATAACTGC-1,0.123218,0.305335,0.382009,0.000278,0.18916
AAACAGAGCGACTCCT-1,0.000005,0.00001,0.177315,0.818725,0.003945
AAACAGCTTTCAGAAG-1,0.245119,0.000111,0.524653,0.084714,0.145402
AAACAGGGTCTATATT-1,0.248144,0.002281,0.554643,0.056106,0.138826
AAACAGTGTTCCTGGG-1,0.000071,0.208311,0.655179,0.000071,0.136367
AAACATGGTGAGAGGA-1,0.076905,0.099482,0.650257,0.018035,0.155321
AAACATTTCCCGGATT-1,0.065026,0.000382,0.871594,0.062425,0.000573
AAACCACTACACAGAT-1,0.000159,0.000318,0.584813,0.414234,0.000476
AAACCCGAACGAAATC-1,0.000061,0.201572,0.68973,0.000061,0.108576
AAACCGGAAATGTTAA-1,0.00011,0.113531,0.795713,0.00011,0.090536
AAACCGGGTAGGTACC-1,0.190825,0.016398,0.038239,0.066652,0.687887
AAACCGTTCGTCCAGG-1,0.033452,0.346014,0.14034,0.010905,0.46929
AAACCTAAGCAGCCGG-1,0.000132,0.000265,0.803066,0.071309,0.125228
AAACCTCATGAAGTTG-1,0.206507,0.015796,0.013804,0.435844,0.32805
AAACGAAGAACATACC-1,0.000614,0.001227,0.212369,0.000614,0.785176
AAACGAAGATGGAGTA-1,0.104586,0.042634,0.623811,0.00175,0.227219
AAACGACAGTCTTGCC-1,0.000186,0.000372,0.603328,0.395556,0.000558
AAACGAGACGGTTGAT-1,0.020765,0.51385,0.034511,0.062252,0.368622
AAACGCCCGAGATCGG-1,0.000043,0.000086,0.427029,0.572712,0.00013
AAACGCTGGGCACGAC-1,0.000369,0.038383,0.959771,0.000369,0.001107
AAACGGGCGTACGGGT-1,0.000135,0.00027,0.771309,0.000135,0.228151
AAACGGGTTGGTATCC-1,0.033679,0.119631,0.456061,0.138647,0.251981
AAACGGTTGCGAACTG-1,0.000128,0.258014,0.653038,0.000128,0.088692
AAACGTGTTCGCCCTA-1,0.000238,0.000476,0.941312,0.057259,0.000714
AAACTAACGTGGCGAC-1,0.000069,0.000137,0.70033,0.299258,0.000206
AAACTCGGTTCGCAAT-1,0.000164,0.000329,0.92109,0.077925,0.000493
AAACTCGTGATATAAG-1,0.00028,0.21995,0.778649,0.00028,0.000841
AAACTGCTGGCTCCAA-1,0.019705,0.000048,0.409729,0.175047,0.395471
AAACTTAATTGCACGC-1,0.070368,0.220775,0.529004,0.000041,0.179812
AAACTTGCAAACGTAT-1,0.320969,0.062151,0.298026,0.077207,0.241648
AAAGAATGACCTTAGA-1,0.034154,0.137005,0.594818,0.03594,0.198082
AAAGAATGTGGACTAA-1,0.05011,0.000528,0.700583,0.000264,0.248515
AAAGACATGAAGTTTA-1,0.108324,0.000095,0.309554,0.581344,0.000683
AAAGACCCAAGTCGCG-1,0.000013,0.305154,0.383777,0.23775,0.073307
AAAGACTGGGCGCTTT-1,0.051436,0.000011,0.000389,0.925579,0.022585
AAAGCTTGCCTACATA-1,0.000243,0.069961,0.740324,0.000243,0.189229
AAAGGCCCTATAATAC-1,0.007938,0.203049,0.708289,0.00006,0.080664
AAAGGCTACGGACCAT-1,0.00005,0.185993,0.671847,0.007397,0.134714
AAAGGCTCTCGCGCCG-1,0.038332,0.345808,0.213953,0.111999,0.289908
AAAGGGATGTAGCAAG-1,0.011171,0.179475,0.0953,0.051602,0.662452
AAAGGGCAGCTTGAAT-1,0.930274,0.069649,0.000033,0.000011,0.000033
AAAGGTAAGCTGTACC-1,0.000071,0.000143,0.548059,0.451514,0.000214
AAAGGTCAACGACATG-1,0.000578,0.001156,0.482,0.514531,0.001735
AAAGTAGCATTGCTCA-1,0.033814,0.395148,0.203992,0.025273,0.341773
AAAGTCACTGATGTAA-1,0.097862,0.244242,0.353605,0.147572,0.156719
AAAGTCGACCCTCAGT-1,0.85574,0.000044,0.060972,0.057589,0.025655
AAAGTGCCATCAATTA-1,0.000217,0.000435,0.807753,0.000217,0.191377
AAAGTGTGATTTATCT-1,0.000069,0.339237,0.584391,0.02575,0.050552
AAAGTTGACTCCCGTA-1,0.000118,0.289776,0.675693,0.020199,0.014215
AAATAACCATACGGGA-1,0.060309,0.000027,0.111488,0.825057,0.003118
AAATAAGGTAGTGCCC-1,0.042515,0.268835,0.572529,0.059853,0.056267
AAATACCTATAAGCAT-1,0.000025,0.00005,0.454845,0.356007,0.189073
AAATAGCTTAGACTTT-1,0.138623,0.239491,0.475068,0.052343,0.094476
AAATAGGGTGCTATTG-1,0.020938,0.000169,0.775443,0.011083,0.192368
AAATCACTCCTAAACG-1,0.000498,0.000995,0.733414,0.2636,0.001493
AAATCCGATACACGCC-1,0.000121,0.000243,0.76361,0.006784,0.229241
AAATCGCGGAAGGAGT-1,0.095437,0.055861,0.583641,0.037892,0.22717
AAATCGTGTACCACAA-1,0.000008,0.189523,0.167172,0.013286,0.630011
AAATCTAGCCCTGCTA-1,0.000128,0.16988,0.819859,0.000128,0.010006
AAATCTGCCCGCGTCC-1,0.000037,0.142382,0.737417,0.000037,0.120127
AAATGACTGATCAAAC-1,0.000132,0.21149,0.680941,0.000132,0.107305
AAATGATTCGATCAGC-1,0.00034,0.197392,0.800906,0.00034,0.001021
AAATGCTCGTTACGTT-1,0.23172,0.125457,0.081933,0.086722,0.474169
AAATGGCATGTCTTGT-1,0.00007,0.129215,0.578802,0.218831,0.073082
AAATGGCCCGTGCCCT-1,0.11352,0.072741,0.593273,0.016084,0.204382
AAATGGTCAATGTGCC-1,0.11374,0.096691,0.139606,0.036237,0.613726
AAATGTATCTTATCCC-1,0.36081,0.061243,0.088044,0.347808,0.142095
AAATGTGGGTGCTCCT-1,0.000082,0.317424,0.355048,0.016966,0.310481
AAATTAACGGGTAGCT-1,0.000005,0.466701,0.000946,0.031686,0.500663
AAATTAATAAGCGCGA-1,0.097971,0.001447,0.009053,0.460287,0.431243
AAATTACACGACTCTG-1,0.194204,0.000056,0.256964,0.548497,0.000279
AAATTACCTATCGATG-1,0.000172,0.11702,0.821816,0.000172,0.06082
AAATTCCAGGTCCAAA-1,0.125871,0.137842,0.586868,0.022936,0.126484
AAATTGATAGTCCTTT-1,0.143218,0.499327,0.154039,0.005221,0.198195
AAATTGCGGCGGTTCT-1,0.000146,0.155004,0.698736,0.046802,0.099312
AAATTGGTGAGAAGCA-1,0.019192,0.000848,0.820285,0.158404,0.001272
AAATTTACCGAAATCC-1,0.089065,0.013583,0.31168,0.578218,0.007454
AAATTTGCGGGTGTGG-1,0.060357,0.003245,0.077643,0.154095,0.704661
AACAACTGGTAGTTGC-1,0.099126,0.16486,0.016831,0.015669,0.703514
AACAATACATTGTCGA-1,0.000047,0.203912,0.704851,0.010025,0.081164
AACAATTACTCTACGC-1,0.930679,0.065532,0.000013,0.000004,0.003772
AACACACGCTCGCCGC-1,0.027067,0.092669,0.776134,0.000108,0.104021
AACACGACTGTACTGA-1,0.068506,0.007145,0.010717,0.003573,0.910059
AACACGAGACGCGGCC-1,0.439238,0.077619,0.048771,0.015583,0.418788
AACACGCGGCCGCGAA-1,0.071299,0.41917,0.103297,0.044859,0.361375
AACAGCTGTGTGGCAA-1,0.058249,0.249651,0.691021,0.000101,0.000978
AACAGGAAATCGAATA-1,0.05131,0.239377,0.44055,0.176135,0.092629
AACAGGATGGGCCGCG-1,0.103421,0.383993,0.189443,0.032047,0.291096
AACAGGTAGTATGGAT-1,0.000115,0.303335,0.663468,0.000115,0.032967
AACATAGCGTGTATCG-1,0.000962,0.088876,0.684051,0.000962,0.22515
AACATATCAACTGGTG-1,0.000142,0.081164,0.785242,0.049,0.084452
AACATCGATACGTCTA-1,0.000275,0.238951,0.581376,0.140928,0.03847
AACATTGAAGTTGATC-1,0.000073,0.289064,0.586674,0.000512,0.123677
AACATTGGTCAGCCGT-1,0.022273,0.243382,0.655521,0.078434,0.00039
AACATTGTGACTCGAG-1,0.00162,0.104298,0.742654,0.0739,0.077528
AACCAAGACTTCTCTG-1,0.064248,0.48717,0.019334,0.00711,0.422138
AACCAGTATCACTCTT-1,0.083985,0.000064,0.30987,0.603262,0.002819
AACCATAGGGTTGAAC-1,0.052237,0.227468,0.535748,0.050474,0.134072
AACCATGGGATCGCTA-1,0.075252,0.204397,0.018815,0.089586,0.61195
AACCCAGAGACGGAGA-1,0.101842,0.277258,0.118935,0.143745,0.358219
AACCCATCCCATGATC-1,0.08454,0.186586,0.455894,0.007378,0.265603
AACCCGACAACCCGTG-1,0.000072,0.26515,0.571852,0.014375,0.14855
AACCCGAGCAGAATCG-1,0.00013,0.226243,0.773108,0.00013,0.000389
AACCCGATAGGGCTTC-1,0.000654,0.001308,0.90007,0.096008,0.001961
AACCCGCTGTATTCCA-1,0.000137,0.277654,0.585086,0.000137,0.136986
AACCCTACTGTCAATA-1,0.000098,0.374079,0.403451,0.015325,0.207046
AACCCTGGTGGAACCA-1,0.081227,0.0023,0.003449,0.575495,0.33753
AACCGAGCTTGGTCAT-1,0.079417,0.660879,0.118431,0.110125,0.031149
AACCGCTAAGGGATGC-1,0.026127,0.329989,0.587391,0.055851,0.000642
AACCGTTGTGTTTGCT-1,0.002638,0.261066,0.272474,0.37025,0.093572
AACCTAAAGCCGTCCG-1,0.138379,0.002198,0.34745,0.508675,0.003298
AACCTCGCTTTAGCCC-1,0.00015,0.000301,0.789327,0.00015,0.210072
AACCTGTCACGGAATT-1,0.118808,0.148356,0.584315,0.044227,0.104295
AACCTTTAAATACGGT-1,0.000114,0.000228,0.898197,0.000114,0.101347
AACCTTTACGACGTCT-1,0.142443,0.000029,0.306704,0.550781,0.000044
AACGAAAGTCGTCCCA-1,0.044952,0.164519,0.521391,0.072144,0.196994
AACGACCTCCTAGCCG-1,0.000429,0.000859,0.996995,0.000429,0.001288
AACGATAATGCCGTAG-1,0.017497,0.000226,0.770483,0.199802,0.011992
AACGATAGAAGGGCCG-1,0.289256,0.333272,0.122548,0.036489,0.218436
AACGATATGTCAACTG-1,0.070899,0.473103,0.108387,0.136668,0.210942
AACGCATGATCTGGGT-1,0.02862,0.20174,0.768231,0.000352,0.001057
AACGCGAACGGCAACA-1,0.061442,0.15876,0.628851,0.000332,0.150615
AACGCGACCTTGGGCG-1,0.000118,0.160735,0.761568,0.010874,0.066706
AACGCGGTCTCCAGCC-1,0.783038,0.089131,0.110777,0.000025,0.017029
AACGCTGTTGCTGAAA-1,0.000125,0.00025,0.894096,0.000125,0.105405
AACGGACGTACGTATA-1,0.000101,0.103081,0.778515,0.042433,0.07587
AACGGCCATCTCCGGT-1,0.000005,0.101108,0.073323,0.022281,0.803283
AACGTACTGTGGGTAC-1,0.127135,0.275163,0.160247,0.080848,0.356608
AACGTAGTCTACCCAT-1,0.427886,0.05606,0.13632,0.229659,0.150075
AACGTCAGACTAGTGG-1,0.000004,0.125347,0.012601,0.038648,0.823399
AACGTCATCCGGCTTG-1,0.00019,0.175127,0.823924,0.00019,0.000569
AACGTCGCTGCACTTC-1,0.000256,0.019676,0.739349,0.000256,0.240463
AACGTGATGAAGGACA-1,0.00033,0.203776,0.105372,0.543168,0.147353
AACGTGCGAAAGTCTC-1,0.000003,0.090807,0.030378,0.212639,0.666173
AACGTTATCAGCACCT-1,0.067193,0.13428,0.505116,0.075336,0.218075
AACGTTCTACCATTGT-1,0.001087,0.002175,0.992389,0.001087,0.003262
AACTACCCGTTTGTCA-1,0.000108,0.228602,0.750574,0.000108,0.020609
AACTAGCGTATCGCAC-1,0.02393,0.306249,0.09428,0.194348,0.381193
AACTAGGCTTGGGTGT-1,0.000086,0.088958,0.644753,0.003522,0.262681
AACTCAAGTTAATTGC-1,0.396908,0.000161,0.483778,0.000081,0.119072
AACTCCAGAGCGTGTT-1,0.046781,0.000427,0.852771,0.000214,0.099807
AACTCCTAATCCCATG-1,0.005614,0.000029,0.132771,0.859056,0.00253
AACTCGATAAACACGT-1,0.095081,0.170385,0.570771,0.119446,0.044318
AACTCGATGGCGCAGT-1,0.202628,0.211041,0.275203,0.044017,0.267111
AACTCTCAATAGAGCG-1,0.190818,0.247481,0.454102,0.056281,0.051317
AACTCTCAGTGTGCTC-1,0.000013,0.381266,0.074044,0.004504,0.540173
AACTGAGGTCAGCGTC-1,0.030668,0.000201,0.659843,0.308987,0.000302
AACTGAGTTATACTGA-1,0.02536,0.186196,0.787836,0.000152,0.000456
AACTGATATTAGGCCT-1,0.051504,0.29651,0.335991,0.232029,0.083966
AACTGGGTCCCGACGT-1,0.000012,0.960843,0.039098,0.000012,0.000035
AACTGGGTTCGAGCCG-1,0.102688,0.076755,0.195127,0.600956,0.024473
AACTGGTGTGGGCCTT-1,0.024719,0.147696,0.108846,0.143307,0.575432
AACTTCTGCGTCTATC-1,0.059557,0.072921,0.550451,0.000074,0.316997
AACTTGCCCGTATGCA-1,0.173104,0.012311,0.004392,0.014308,0.795885
AACTTGCGTTCTCGCG-1,0.174944,0.303152,0.485162,0.009439,0.027303
AACTTTACGGGAGCTT-1,0.887276,0.000015,0.000022,0.109919,0.002768
AACTTTAGCTGCTGAG-1,0.00001,0.364675,0.010878,0.089668,0.53477
AACTTTCTCGATCATG-1,0.000516,0.001031,0.996391,0.000516,0.001547
AAGAAAGTTTGATGGG-1,0.000115,0.28692,0.701907,0.000115,0.010943
AAGAAATCACCAGATT-1,0.000585,0.00117,0.995905,0.000585,0.001755
AAGAAGGATCAGTTAG-1,0.353198,0.172355,0.253818,0.128123,0.092506
AAGACATACGTGGTTT-1,0.00031,0.000619,0.785602,0.00031,0.213159
AAGACCAAATAACTCA-1,0.046283,0.105887,0.554238,0.013114,0.280477
AAGACCCAACTGAACA-1,0.01808,0.445094,0.185284,0.008125,0.343417
AAGACTAACCCGTTGT-1,0.000091,0.271913,0.569745,0.089425,0.068827
AAGACTCACGCCCACT-1,0.087779,0.000083,0.357401,0.554612,0.000125
AAGACTGCAAGCTACT-1,0.000005,0.034714,0.013802,0.058506,0.892973
AAGAGATGAATCGGTA-1,0.02698,0.037005,0.058193,0.076431,0.801391
AAGAGCTCTTTATCGG-1,0.000005,0.346876,0.033463,0.150802,0.468854
AAGAGGATGTACGCGA-1,0.7658,0.000021,0.145302,0.033119,0.055759
AAGAGGCATGGATCGC-1,0.43333,0.147812,0.098476,0.031765,0.288617
AAGAGGCCCTTTGGAA-1,0.000162,0.246077,0.750269,0.000162,0.00333
AAGATGGCACCGGACC-1,0.06684,0.603059,0.135946,0.108321,0.085835
AAGATTGGCGGAACGT-1,0.00007,0.048564,0.821078,0.035674,0.094614
AAGCACCCTGCGTATC-1,0.00015,0.000299,0.872916,0.106398,0.020237
AAGCATACTCTCCTGA-1,0.000118,0.000235,0.818516,0.116316,0.064815
AAGCCACTTGCAGGTA-1,0.000062,0.109257,0.80952,0.007399,0.073762
AAGCCGAAGCGGTTTA-1,0.000123,0.256084,0.735891,0.000123,0.00778
AAGCCGCCGTGAAATC-1,0.012551,0.126472,0.597138,0.008483,0.255356
AAGCCGCTTTACCTTG-1,0.000553,0.001105,0.996131,0.000553,0.001658
AAGCCGGAGAGCAGGA-1,0.000244,0.231301,0.76748,0.000244,0.000732
AAGCGCAGGGCTTTGA-1,0.000147,0.003064,0.922812,0.000147,0.073831
AAGCGGAGTGCGCGCA-1,0.092031,0.001093,0.859474,0.000547,0.046855
AAGCGGCGTCATGGGT-1,0.025047,0.000069,0.303815,0.670966,0.000103
AAGCGTCCCTCATCGA-1,0.0843,0.212723,0.363582,0.079218,0.260177
AAGCTAGATCGAGTAA-1,0.005245,0.000051,0.727627,0.266999,0.000077
AAGCTATGGATTGACC-1,0.038694,0.000328,0.960322,0.000164,0.000492
AAGCTCGTGCCAAGTC-1,0.000005,0.054237,0.019847,0.271208,0.654703
AAGCTCTTTCATGGTG-1,0.000183,0.000366,0.649287,0.094813,0.255351
AAGGAGAACTTATAAG-1,0.000645,0.334234,0.66254,0.000645,0.001936
AAGGAGCGGTTGGTGC-1,0.05922,0.552734,0.045847,0.008037,0.334162
AAGGATCGATCGCTTG-1,0.030623,0.273287,0.562317,0.100429,0.033343
AAGGATGAGGGACCTC-1,0.000065,0.04061,0.788592,0.044846,0.125887
AAGGCAGGCTGTCTCC-1,0.032434,0.203519,0.58926,0.069851,0.104936
AAGGCGCGTAAAGCTT-1,0.290989,0.051477,0.029557,0.039799,0.588178
AAGGCTGTGCTCATCG-1,0.028072,0.294011,0.058865,0.006673,0.612379
AAGGGAACGACTGGCT-1,0.102042,0.3078,0.517179,0.000072,0.072907
AAGGGACAGATTCTGT-1,0.000143,0.052475,0.748558,0.059941,0.138882
AAGGGACTATGCATTC-1,0.09652,0.214949,0.597801,0.000104,0.090626
AAGGGTTAGCCATGCG-1,0.000813,0.001627,0.938874,0.000813,0.057873
AAGGGTTTGATTTCAG-1,0.09105,0.008278,0.675493,0.086067,0.139113
AAGGTATCCTAATATA-1,0.000066,0.144882,0.665845,0.146888,0.042318
AAGGTGATAAACCAGC-1,0.000052,0.252479,0.706907,0.012604,0.027959
AAGTAAGCTTCCAAAC-1,0.250944,0.12401,0.235468,0.233287,0.156292
AAGTAGAAGACCGGGT-1,0.000007,0.163753,0.037982,0.023617,0.774642
AAGTAGTGACGCGAGG-1,0.115675,0.043572,0.117582,0.271274,0.451897
AAGTCAATTGTCGTCA-1,0.000138,0.278506,0.675746,0.042501,0.003109
AAGTCTAGTAGCTGCC-1,0.000513,0.144728,0.852707,0.000513,0.001539
AAGTCTTCTGTGGCCT-1,0.215083,0.000103,0.40863,0.219564,0.15662
AAGTGACGACCGAATT-1,0.263193,0.000033,0.339213,0.157869,0.239692
AAGTGAGTCGGGTTTA-1,0.008571,0.485922,0.211911,0.078558,0.21504
AAGTGCAAAGGTAGAC-1,0.04162,0.00001,0.010215,0.849606,0.098551
AAGTGCCTTGACTGTA-1,0.00011,0.329669,0.488281,0.00128,0.18066
AAGTGCGTTAGAATCT-1,0.019918,0.316509,0.231547,0.024171,0.407855
AAGTGCTTCTCTATTG-1,0.000129,0.324431,0.641804,0.000129,0.033506
AAGTGTTTGGAGACGG-1,0.000088,0.000176,0.67041,0.006009,0.323317
AAGTTCACTCCAAGCT-1,0.000163,0.000326,0.688295,0.053363,0.257853
AAGTTCAGTCTGCGTA-1,0.000322,0.000643,0.906799,0.091271,0.000965
AAGTTCGGCCAACAGG-1,0.642549,0.040692,0.074625,0.003783,0.238351
AAGTTGTGATGTTATA-1,0.000319,0.000637,0.859219,0.000319,0.139507
AAGTTTACTAATGGCA-1,0.002565,0.00513,0.007695,0.002565,0.982046
AAGTTTATGGGCCCAA-1,0.000155,0.082831,0.916392,0.000155,0.000466
AATAACAACGCTCGGC-1,0.017963,0.000011,0.038977,0.323177,0.619872
AATAACACTAGAACAA-1,0.000007,0.997895,0.000638,0.000007,0.001453
AATAACGTCGCGCCCA-1,0.000377,0.000755,0.98828,0.000377,0.01021
AATAAGTCCTCGAGAC-1,0.000433,0.156641,0.530591,0.22356,0.088774
AATAATCTTCGTATCG-1,0.017933,0.266371,0.71513,0.000141,0.000424
AATACAATGTTTCAGG-1,0.183805,0.24603,0.286043,0.002084,0.282038
AATACCGGAGGGCTGT-1,0.000075,0.136443,0.707158,0.000075,0.156249
AATACCTGATGTGAAC-1,0.000211,0.000422,0.998523,0.000211,0.000633
AATAGAACAGAGTGGC-1,0.000005,0.071173,0.069647,0.000017,0.859159
AATAGAATCTGTTTCA-1,0.000122,0.009107,0.820392,0.003945,0.166435
AATAGCAAGCCTCCTG-1,0.000069,0.000138,0.595676,0.403909,0.000208
AATAGCTACCGCGTGC-1,0.056681,0.000614,0.847117,0.000307,0.095282
AATAGGCACGACCCTT-1,0.000139,0.226185,0.616515,0.000139,0.157023
AATAGTCCGTCCCGAC-1,0.000011,0.385926,0.25927,0.034896,0.319897
AATAGTCGCGAGTCGG-1,0.127963,0.003684,0.204718,0.370678,0.292957
AATATCAAGGTCGGAT-1,0.000008,0.737764,0.008036,0.086357,0.167835
AATATCCTAGCAAACT-1,0.22168,0.000113,0.615792,0.092761,0.069655
AATATCGAATCAATGC-1,0.00013,0.25431,0.738559,0.00013,0.006871
AATATCGAGGGTTCTC-1,0.000191,0.068397,0.753308,0.152148,0.025956
AATATTGGAGTATTGA-1,0.155081,0.018973,0.0009,0.34257,0.482477
AATCAGACTGCAGGAC-1,0.000151,0.297613,0.570054,0.000151,0.132031
AATCAGGTTTCATTTA-1,0.000112,0.181702,0.624283,0.024225,0.169679
AATCATGTAAAGACTC-1,0.000149,0.040674,0.913258,0.000149,0.04577
AATCCAAGGGCCTGAG-1,0.000015,0.356465,0.27674,0.063573,0.303207
AATCCATGCAAGGGTG-1,0.012433,0.172013,0.485929,0.062457,0.267168
AATCCCGCTCAGAGCC-1,0.000158,0.177936,0.691019,0.000158,0.130729
AATCGAGGTCTCAAGG-1,0.002382,0.182665,0.336095,0.248706,0.230153
AATCGCCTCAGCGCCA-1,0.000005,0.286492,0.090522,0.079493,0.543487
AATCGCGCAGAGGACT-1,0.051276,0.162512,0.657404,0.005419,0.12339
AATCGGGACACTACGA-1,0.000021,0.093394,0.132904,0.015122,0.75856
AATCGGTATAGCCCTC-1,0.000424,0.075853,0.516757,0.000424,0.406542
AATCGTGAGCCGAGCA-1,0.042632,0.036867,0.681741,0.000172,0.238588
AATCTAGGTTTACTTG-1,0.080848,0.147211,0.566655,0.165761,0.039526
AATCTATGCCGGAGCC-1,0.000156,0.095591,0.882153,0.000156,0.021945
AATCTCTACTGTGGTT-1,0.600499,0.000055,0.148949,0.134654,0.115843
AATCTGCGTTGGGACG-1,0.052112,0.534402,0.271362,0.056671,0.085453
AATCTGGCTTTCTAGT-1,0.084969,0.108526,0.575502,0.011842,0.219162
AATCTGGGTAGACCCT-1,0.073366,0.000075,0.277624,0.648615,0.00032
AATGACAGCAATGTCT-1,0.000007,0.825572,0.008826,0.001271,0.164324
AATGACGTAGGATGTC-1,0.36419,0.000011,0.045945,0.018364,0.571491
AATGACTGTCAGCCGG-1,0.003815,0.662454,0.153365,0.008274,0.172093
AATGAGTTCGCATATG-1,0.214094,0.211773,0.380108,0.000061,0.193964
AATGATGATACGCTAT-1,0.000222,0.019808,0.720213,0.052072,0.207686
AATGATGCGACTCCTG-1,0.000268,0.000536,0.799371,0.000268,0.199557
AATGCAACCGGGTACC-1,0.130016,0.038939,0.179638,0.056178,0.595229
AATGCACCAAGCAATG-1,0.063291,0.023139,0.703413,0.209752,0.000404
AATGGCCGCCAATGCG-1,0.000637,0.001274,0.99554,0.000637,0.001911
AATGGTCCACCGTTCA-1,0.323627,0.000014,0.084717,0.574296,0.017345
AATGGTTCTCACAAGC-1,0.024529,0.114487,0.084127,0.089537,0.687319
AATGTATGGCACTGTA-1,0.059715,0.179838,0.51528,0.000045,0.245122
AATGTGCCCGAGGTGT-1,0.075969,0.027029,0.044781,0.3965,0.455721
AATGTGCTAATCTGAG-1,0.013092,0.233496,0.659033,0.000093,0.094286
AATGTTAAGACCCTGA-1,0.00164,0.272621,0.71918,0.00164,0.004919
AATGTTGTCGTGAGAC-1,0.000293,0.028622,0.860047,0.110161,0.000877
AATTAAAGGTCGGCGT-1,0.000016,0.319037,0.134489,0.010984,0.535473
AATTAACGGATTTCCA-1,0.000114,0.000826,0.726537,0.036264,0.236259
AATTACGAGACCCATC-1,0.032323,0.077192,0.657609,0.067826,0.165049
AATTACTCGTACGCTC-1,0.07968,0.109426,0.6154,0.000123,0.195371
AATTAGCGCTGCAGCG-1,0.000015,0.099324,0.138185,0.000015,0.76246
AATTATACCCAGCAAG-1,0.000196,0.000392,0.697528,0.000196,0.301689
AATTCATAAGGGATCT-1,0.002276,0.160216,0.679439,0.15572,0.002349
AATTCATTGTCATGCA-1,0.031052,0.242706,0.466172,0.043117,0.216954
AATTCCAACTTGGTGA-1,0.063373,0.271512,0.579662,0.075985,0.009468
AATTCCAAGCATGTAC-1,0.000168,0.152131,0.830649,0.000168,0.016883
AATTCGATTCGAGGAT-1,0.000192,0.000385,0.878941,0.000192,0.120289
AATTCTAGAGTTAGGC-1,0.000013,0.005753,0.09684,0.000606,0.896788
AATTGAACGCTCTGGT-1,0.040094,0.000134,0.721337,0.042395,0.19604
AATTGCAGCAATCGAC-1,0.000182,0.000364,0.950129,0.000182,0.049142
AATTGCGTGGATTACA-1,0.064502,0.179843,0.592865,0.000047,0.162743
AATTGTGGTTGCCAAA-1,0.000222,0.090675,0.908216,0.000222,0.000665
AATTTGGGACATAGTA-1,0.000016,0.000032,0.265138,0.734766,0.000048
AATTTGGTTCCAAAGA-1,0.153631,0.345487,0.148221,0.080274,0.272388
ACAAACCATGCGTCCT-1,0.06364,0.254366,0.566693,0.001069,0.114231
ACAAACCGACAAGGCG-1,0.000179,0.000357,0.155722,0.843206,0.000536
ACAAACTCCATCAGAG-1,0.000077,0.167447,0.832171,0.000077,0.00023
ACAAAGAAGGTAGGCC-1,0.228748,0.000094,0.54927,0.082959,0.13893
ACAAAGCATGACCTAG-1,0.041704,0.000426,0.874311,0.000213,0.083347
ACAAATCGCACCGAAT-1,0.024882,0.000168,0.724986,0.002353,0.247611
ACAAATGGTAGTGTTT-1,0.022235,0.106032,0.673578,0.076633,0.121522
ACAAATTCAGATCTGA-1,0.000026,0.000052,0.405862,0.593981,0.000078
ACAACAGCATGAGCTA-1,0.000006,0.278899,0.049769,0.22655,0.444776
ACAACGGTCCCTGCGA-1,0.032933,0.241662,0.016465,0.008287,0.700653
ACAAGCAGTGCCTAGC-1,0.964889,0.005322,0.000015,0.000005,0.029769
ACAAGCTATATGGAAG-1,0.237312,0.000043,0.28062,0.339017,0.143007
ACAAGGAAATCCGCCC-1,0.123806,0.00668,0.06369,0.040462,0.765362
ACAAGGACAAGAGGTT-1,0.000006,0.015155,0.041955,0.056439,0.886445
ACAAGGATGCTTTAGG-1,0.000153,0.000307,0.763495,0.000153,0.235892
ACAAGGCCTACCAGCC-1,0.046111,0.000075,0.415789,0.537912,0.000113
ACAAGGGCAGGCTCTG-1,0.02578,0.000006,0.042313,0.144431,0.78747
ACAAGTAATTGTAAGG-1,0.000123,0.236538,0.695461,0.000123,0.067755
ACAATAGTCGTACGTT-1,0.208246,0.671198,0.059447,0.005385,0.055724
ACAATCCATTTAAACC-1,0.04963,0.049406,0.113617,0.224911,0.562436
ACAATCGATCTTTATA-1,0.002632,0.005265,0.224441,0.002632,0.765029
ACAATGAATACGGAGA-1,0.070521,0.406836,0.357001,0.00002,0.165621
ACAATGATTCTTCTAC-1,0.000107,0.000215,0.666285,0.333071,0.000322
ACAATTGTGTCTCTTT-1,0.031298,0.264999,0.635297,0.067845,0.000562
ACAATTTAGGAGGCTC-1,0.13481,0.000014,0.029229,0.705604,0.130343
ACAATTTGAGCAGTGG-1,0.000019,0.683764,0.137107,0.006774,0.172337
ACAATTTGGCCATATT-1,0.090417,0.132322,0.554733,0.018737,0.203791
ACACAAAGACGGGTGG-1,0.172024,0.144538,0.329353,0.085558,0.268527
ACACAAATATTCCTAG-1,0.000349,0.000697,0.861793,0.136116,0.001046
ACACACCAGGACCAGT-1,0.000071,0.276905,0.609682,0.000071,0.11327
ACACACTTTCTACACG-1,0.000018,0.924284,0.065686,0.000018,0.009994
ACACATGATCAAATCT-1,0.055694,0.31108,0.509962,0.012379,0.110886
ACACATTGACGCAACA-1,0.013863,0.138564,0.69424,0.013735,0.139598
ACACATTTCCGTAGAC-1,0.00011,0.157078,0.832174,0.00011,0.010528
ACACCACATAATTAGC-1,0.04867,0.090836,0.7676,0.044675,0.048219
ACACCCAGCATGCAGC-1,0.180133,0.136047,0.184521,0.062733,0.436566
ACACCCGAGAAATCCG-1,0.022138,0.099346,0.054943,0.132648,0.690925
ACACCCGTAAATCTGT-1,0.001516,0.003031,0.769059,0.221847,0.004547
ACACCGAGCGCTCTTT-1,0.030202,0.095345,0.583809,0.067147,0.223498
ACACCGGTCTGACCGC-1,0.090099,0.222173,0.587709,0.000052,0.099966
ACACCTTAAGTAGGGC-1,0.000006,0.590454,0.036009,0.000006,0.373526
ACACCTTACTACTTGC-1,0.019896,0.190032,0.752144,0.009173,0.028756
ACACGAGACTCCTTCT-1,0.000007,0.185265,0.023613,0.062365,0.728751
ACACGGCACTATGCAT-1,0.000667,0.001334,0.745146,0.07228,0.180574
ACACGGGAACTTAGGG-1,0.000026,0.430418,0.058341,0.070026,0.441189
ACACGTAGGCCACAAG-1,0.000218,0.18603,0.812878,0.000218,0.000655
ACACTCCAATGTCACT-1,0.106213,0.253558,0.432473,0.000073,0.207683
ACACTGATCAAGGTGT-1,0.000008,0.547732,0.057312,0.000008,0.39494
ACACTGGGACAGTCGT-1,0.000234,0.332569,0.66626,0.000234,0.000703
ACAGAACTGAGAACAA-1,0.061998,0.260642,0.409801,0.00608,0.261479
ACAGATTAGGTTAGTG-1,0.02763,0.000064,0.130285,0.365166,0.476856
ACAGCATAGAGCCAGT-1,0.039655,0.000265,0.284977,0.371439,0.303664
ACAGCGACATTCTCAT-1,0.00022,0.00044,0.998461,0.00022,0.00066
ACAGCGCACCCGCAGC-1,0.00115,0.0023,0.404682,0.460521,0.131349
ACAGGAGGCGCAGCCG-1,0.061883,0.264286,0.50172,0.08253,0.089581
ACAGGCACGGATCCTT-1,0.034061,0.000483,0.547152,0.075213,0.343091
ACAGGCTTGCCCGACT-1,0.048711,0.000302,0.894373,0.000151,0.056464
ACAGGTGGAGGTGAGG-1,0.004845,0.5716,0.070817,0.011189,0.341549
ACAGGTGTGTTGTTGC-1,0.25466,0.000141,0.356893,0.319416,0.06889
ACAGTAATACAACTTG-1,0.29445,0.035839,0.474933,0.020065,0.174714
ACAGTATACCGTGGGA-1,0.000292,0.033806,0.964736,0.000292,0.000875
ACAGTGCAGCGCATTT-1,0.000553,0.001105,0.587911,0.408773,0.001658
ACATAAGTCGTGGTGA-1,0.078119,0.199661,0.51599,0.000045,0.206184
ACATAATAAGGCGGTG-1,0.023159,0.425226,0.189166,0.07179,0.290658
ACATACAATCAAGCGG-1,0.000297,0.068349,0.665617,0.000297,0.26544
ACATCAGCTGGGACGC-1,0.240201,0.000025,0.085021,0.575787,0.098965
ACATCCCGGCCATACG-1,0.000047,0.436902,0.166984,0.007564,0.388502
ACATCCTGGTAACTGT-1,0.000126,0.180814,0.663582,0.000126,0.155351
ACATCGATCGTTTACC-1,0.000009,0.000018,0.017974,0.214275,0.767724
ACATCGCAATATTCGG-1,0.00013,0.281467,0.717882,0.00013,0.00039
ACATCGGTCAGCCGCG-1,0.065435,0.01542,0.058474,0.058237,0.802434
ACATCGTATGCAATGG-1,0.068562,0.000077,0.512128,0.009872,0.409361
ACATCGTTAACCTAGT-1,0.059744,0.000797,0.481131,0.269401,0.188927
ACATCTCAACGCGTAA-1,0.105656,0.00125,0.127598,0.506478,0.259017
ACATGCTTACGGCAGC-1,0.000113,0.257962,0.682484,0.000113,0.059329
ACATGGCGCCAAAGTA-1,0.00008,0.151696,0.670509,0.005934,0.171782
ACATGGCTCAATTTAG-1,0.062151,0.010472,0.848914,0.000154,0.078308
ACATTAGTTTATATCC-1,0.212596,0.116403,0.368241,0.022787,0.279973
ACATTCGCGCGGAATA-1,0.000057,0.123363,0.789414,0.000057,0.087108
ACATTTGAAACCTAAC-1,0.000196,0.000392,0.898865,0.000196,0.100352
ACCAAACACCCAGCGA-1,0.013339,0.082912,0.8696,0.033638,0.000511
ACCAAACTAGAAATCC-1,0.000595,0.062266,0.697987,0.000595,0.238556
ACCAACACCACACACT-1,0.000219,0.070704,0.764426,0.163994,0.000657
ACCAACCGCACTCCAC-1,0.000202,0.000405,0.822916,0.000202,0.176274
ACCAACGCTTATTTAT-1,0.000026,0.989511,0.010359,0.000026,0.000078
ACCAAGAACGCGTGTC-1,0.000008,0.897342,0.07095,0.000008,0.031692
ACCAAGTCATCGGCAG-1,0.000291,0.000582,0.997965,0.000291,0.000872
ACCAATATGCAAGTTA-1,0.000109,0.000217,0.777366,0.018129,0.204179
ACCACAACTCAGAACA-1,0.000025,0.00005,0.346718,0.624231,0.028977
ACCACAAGTTTCTATC-1,0.133311,0.030202,0.404464,0.101582,0.330441
ACCACACGGTTGATGG-1,0.000172,0.158992,0.84015,0.000172,0.000515
ACCACCAATGTAACAA-1,0.011856,0.21038,0.673442,0.053437,0.050886
ACCACCCTCTCTTCTA-1,0.000294,0.237972,0.760557,0.000294,0.000883
ACCACGTGCAGCTATA-1,0.000004,0.000008,0.056271,0.025177,0.918541
ACCACTGTTCAAGAAG-1,0.088485,0.124321,0.640845,0.016979,0.129369
ACCAGACCATAACAAC-1,0.130157,0.000012,0.162649,0.308593,0.398589
ACCAGCCCGGTCTTTG-1,0.001031,0.647144,0.003094,0.345637,0.003094
ACCAGGAGTGTGATCT-1,0.001352,0.431542,0.004055,0.001352,0.561699
ACCAGTGCCCGGTCAA-1,0.001462,0.000055,0.465027,0.533372,0.000083
ACCAGTGCGGGAGACG-1,0.000128,0.169394,0.744674,0.000128,0.085675
ACCATATCCGCAATAA-1,0.259076,0.104881,0.159478,0.050611,0.425955
ACCATCCGCCAACTAG-1,0.230323,0.014432,0.45982,0.140061,0.155364
ACCATCGTATATGGTA-1,0.300485,0.044467,0.306197,0.020549,0.328302
ACCATTAAGGGTGTCA-1,0.050952,0.123585,0.724074,0.00012,0.101269
ACCCAACGCCCGTGGC-1,0.017289,0.59563,0.037358,0.161536,0.188187
ACCCACCTACATGCTC-1,0.139881,0.384631,0.003865,0.000135,0.471489
ACCCATCTTGAGGGTA-1,0.125756,0.000306,0.551596,0.064589,0.257753
ACCCATTTGTCCCTCT-1,0.000219,0.000438,0.998468,0.000219,0.000657
ACCCGAGCGAAATTAC-1,0.002036,0.221005,0.573028,0.005839,0.198092
ACCCGATTGGTTCCGA-1,0.000153,0.159066,0.812311,0.000153,0.028317
ACCCGGAAACTCCCAG-1,0.000097,0.001607,0.73943,0.033648,0.225219
ACCCGGAGCACCACAA-1,0.0347,0.205318,0.753009,0.000142,0.006831
ACCCGGATGACGCATC-1,0.141822,0.239812,0.489722,0.079549,0.049095
ACCCGGTTACACTTCC-1,0.000051,0.156568,0.454833,0.017624,0.370925
ACCCGTAGCAGAGAAT-1,0.017663,0.160632,0.808301,0.000054,0.01335
ACCCGTAGTCTAGTTG-1,0.000332,0.14226,0.831956,0.000332,0.025119
ACCCGTGTCATCAGTA-1,0.000017,0.608365,0.063302,0.000017,0.328297
ACCCTATAGGACTGAG-1,0.136155,0.266874,0.373503,0.000183,0.223285
ACCCTATGCCATATCG-1,0.00416,0.474778,0.247015,0.052403,0.221643
ACCCTCCCGTCAGGGC-1,0.00023,0.00046,0.870217,0.00023,0.128863
ACCCTCCCTTGCTATT-1,0.043473,0.000204,0.673329,0.020683,0.262311
ACCCTGGTAACGCCCT-1,0.000272,0.128266,0.769238,0.000272,0.101952
ACCCTTCATCTGCGAA-1,0.021096,0.625973,0.21868,0.050155,0.084096
ACCCTTGCCTGGGTCG-1,0.000699,0.001399,0.995103,0.000699,0.002099
ACCCTTTAGTTCTCCA-1,0.001755,0.00351,0.281877,0.303984,0.408874
ACCGAAAGGGCCCTGC-1,0.116105,0.429272,0.203765,0.051499,0.199359
ACCGAAGAGTCTGGTT-1,0.067523,0.128812,0.500366,0.012096,0.291203
ACCGACACATCTCCCA-1,0.000156,0.058713,0.783186,0.029666,0.128279
ACCGACTGAGTCCCAC-1,0.000009,0.646182,0.046799,0.045661,0.26135
ACCGAGTCTCCTTATT-1,0.000169,0.000339,0.967207,0.002305,0.02998
ACCGATAGGCATAACC-1,0.000211,0.265578,0.733364,0.000211,0.000634
ACCGATATTTAATCAT-1,0.000213,0.23915,0.759783,0.000213,0.00064
ACCGATGGTAGCATCG-1,0.146042,0.259499,0.318432,0.089635,0.186392
ACCGCAATAACTGCCT-1,0.015811,0.000095,0.702691,0.002761,0.278643
ACCGCGGTGGAAGTCG-1,0.000072,0.353183,0.514136,0.03858,0.094029
ACCGCTAGTCATTGGT-1,0.000087,0.176998,0.766022,0.037729,0.019165
ACCGGGCCTTTGTTGA-1,0.000125,0.302399,0.696978,0.000125,0.000374
ACCGGTCAGGTACACC-1,0.041449,0.210767,0.518101,0.01186,0.217822
ACCGGTCTGAGTACGG-1,0.073853,0.000069,0.265635,0.66034,0.000103
ACCGTCCACTGGGCCC-1,0.014774,0.120785,0.579576,0.00463,0.280235
ACCGTGACCACGTGGG-1,0.015436,0.084423,0.223223,0.176967,0.499951
ACCGTTCCCGCTCTGA-1,0.051972,0.000493,0.000739,0.081683,0.865112
ACCTAAGTACCTTTCA-1,0.000098,0.352348,0.042715,0.003561,0.601279
ACCTAATCGACTTCCT-1,0.97451,0.015162,0.000034,0.000011,0.010283
ACCTACAGTATGTGGT-1,0.037325,0.299079,0.516797,0.084244,0.062555
ACCTACTATAAATCTA-1,0.000137,0.24951,0.728646,0.000137,0.021571
ACCTCAGCGAGGCGCA-1,0.000336,0.000671,0.890187,0.000336,0.108471
ACCTCCGCCCTCGCTG-1,0.000165,0.255011,0.667003,0.000165,0.077657
ACCTCCGTTATTCACC-1,0.117072,0.177101,0.482013,0.081722,0.142092
ACCTCGAACTTATGCT-1,0.068269,0.261513,0.53574,0.057168,0.07731
ACCTGCGTGTCATGTT-1,0.280442,0.090024,0.377814,0.080642,0.171078
ACCTTTCCTTTAGAAG-1,0.001755,0.606706,0.12312,0.263154,0.005265
ACGAAATGGGCGGCAC-1,0.50829,0.006799,0.034238,0.164341,0.286333
ACGACCCATGAGTTGC-1,0.00021,0.067785,0.760505,0.00021,0.17129
ACGACTCTAGGGCCGA-1,0.000174,0.000349,0.769616,0.000174,0.229687
ACGACTGGTCATACTC-1,0.000112,0.293125,0.599873,0.076159,0.030732
ACGAGAACCCATCACG-1,0.000007,0.401709,0.024828,0.052136,0.521319
ACGAGATATTTGCTTA-1,0.07488,0.002041,0.226222,0.292407,0.40445
ACGAGGATACCACTCT-1,0.080163,0.108522,0.582842,0.000084,0.228388
ACGAGGTTTACAACGT-1,0.062536,0.335626,0.327728,0.067475,0.206636
ACGAGTACGGATGCCC-1,0.043326,0.10086,0.690482,0.017632,0.147699
ACGAGTCGCCGGCGTT-1,0.093569,0.076859,0.661745,0.040605,0.127222
ACGATACATAGAACTA-1,0.034773,0.620145,0.202565,0.13064,0.011877
ACGATACCTATCCTGA-1,0.19622,0.002745,0.126045,0.457854,0.217136
ACGATCATACATAGAG-1,0.005411,0.16017,0.116622,0.079751,0.638046
ACGATCATCTTGTAAA-1,0.143681,0.283929,0.496974,0.00009,0.075326
ACGATGCATATGTTAT-1,0.198872,0.104535,0.283449,0.017011,0.396132
ACGATGGATCCGATGC-1,0.176607,0.000893,0.291573,0.3213,0.209627
ACGCAAACTAATAGAT-1,0.147441,0.481941,0.119411,0.049876,0.201332
ACGCAATCACTACAGC-1,0.000184,0.144066,0.807144,0.044977,0.003628
ACGCATAAATGACATG-1,0.001517,0.000127,0.58507,0.413095,0.000191
ACGCATACGTTTACTA-1,0.037072,0.079684,0.682994,0.000175,0.200076
ACGCATTCGTGAGTAC-1,0.000011,0.084844,0.096556,0.165989,0.652601
ACGCCACTCGAAACAG-1,0.000114,0.157309,0.793109,0.000114,0.049354
ACGCCAGATGATTTCT-1,0.093529,0.107291,0.306164,0.385099,0.107917
ACGCCAGTGCGTTTGC-1,0.000314,0.000627,0.888277,0.000314,0.110469
ACGCCCAGCTGTCGAT-1,0.173046,0.205677,0.327774,0.000944,0.292559
ACGCCGCTAGACGACC-1,0.030327,0.005459,0.041906,0.210234,0.712075
ACGCCTGACACGCGCT-1,0.074885,0.179431,0.744572,0.000278,0.000834
ACGCGAAGTCAGACGA-1,0.052261,0.021414,0.430677,0.033102,0.462546
ACGCGCTACACAGGGT-1,0.798033,0.000019,0.201909,0.00001,0.000029
ACGCGGGCCAAGGACA-1,0.000007,0.184155,0.164966,0.087786,0.563087
ACGCGTTTCTTAAGAG-1,0.063497,0.104492,0.003336,0.383086,0.445589
ACGCTACTGAATGGGC-1,0.000685,0.00137,0.767341,0.000685,0.229918
ACGCTAGTATCAGTGC-1,0.077752,0.002062,0.757278,0.159814,0.003094
ACGCTAGTGATACACT-1,0.000178,0.112829,0.810444,0.034112,0.042437
ACGCTGTGAGGCGTAG-1,0.131497,0.003745,0.07378,0.392574,0.398404
ACGCTTAGTGTCTCTC-1,0.395998,0.000386,0.104418,0.498618,0.000579
ACGGAACACGAGTGCC-1,0.000221,0.000443,0.998451,0.000221,0.000664
ACGGAATTTAGCAAAT-1,0.216427,0.498272,0.126255,0.090969,0.068077
ACGGACGCAGCGACAA-1,0.000077,0.241738,0.663917,0.000077,0.094191
ACGGACTCTCAAAGCG-1,0.000136,0.000271,0.869667,0.00029,0.129636
ACGGAGCGCAAATTAC-1,0.000232,0.000463,0.998379,0.000232,0.000695
ACGGATGGTGCGGATA-1,0.000132,0.000263,0.784403,0.092096,0.123106
ACGGCACTTGCTTGGG-1,0.002273,0.212954,0.182742,0.00405,0.597981
ACGGCCAACATGGACT-1,0.000012,0.498932,0.17408,0.001086,0.32589
ACGGCGACGATGGGAA-1,0.000005,0.00001,0.098367,0.070012,0.831606
ACGGCGGGTTGCCCTG-1,0.040962,0.243587,0.339202,0.109346,0.266904
ACGGCTGGATGTAGAA-1,0.052959,0.243742,0.51468,0.001047,0.187572
ACGGGAGTGTCGGCCC-1,0.134494,0.132098,0.271718,0.047395,0.414295
ACGGGCGTATGCGACA-1,0.000213,0.081265,0.7881,0.094302,0.036119
ACGGGTCATGTGACTT-1,0.064211,0.161837,0.523905,0.048187,0.20186
ACGGGTTGTGACCTGT-1,0.000054,0.17755,0.79589,0.000054,0.026451
ACGGTACAGTTCAATG-1,0.000233,0.000466,0.75942,0.052861,0.187019
ACGGTCACCGAGAACA-1,0.028411,0.23575,0.667535,0.000052,0.068252
ACGTACAGATTTCTCT-1,0.000099,0.414714,0.128966,0.165861,0.29036
ACGTACTTTGGCACGG-1,0.000105,0.283761,0.620628,0.000105,0.095402
ACGTAGATTGCTGATG-1,0.000008,0.002282,0.000943,0.406945,0.589821
ACGTAGGAGAGTCGCT-1,0.000164,0.191163,0.66723,0.077653,0.06379
ACGTATTACTCCGATC-1,0.000143,0.421092,0.445152,0.118182,0.015431
ACGTCCTAAACGAGAT-1,0.141838,0.00171,0.853032,0.000855,0.002565
ACGTCGGGCAACTCGG-1,0.009533,0.180302,0.612895,0.000026,0.197244
ACGTCTCGTTCCGGGA-1,0.251546,0.020562,0.510428,0.092166,0.125298
ACGTGACAAAGTAAGT-1,0.195991,0.031144,0.560194,0.058341,0.15433
ACGTGCGCCTCGTGCA-1,0.001132,0.290695,0.282199,0.186203,0.23977
ACGTGGTCGAATGTGC-1,0.110835,0.00171,0.069945,0.601874,0.215636
ACGTTAATGTCGAAGA-1,0.069586,0.000051,0.356415,0.152839,0.421109
ACGTTAGATTTGCCCG-1,0.137056,0.06701,0.415585,0.002752,0.377597
ACGTTATTGGTCACTC-1,0.1213,0.376112,0.385114,0.000105,0.117368
ACGTTCACTATGCCGC-1,0.000116,0.06474,0.81735,0.000116,0.117676
ACGTTCCGCGCTCCGT-1,0.163314,0.336108,0.241964,0.11774,0.140873
ACGTTCGCAATCAATT-1,0.092618,0.220374,0.625304,0.055336,0.006368
ACGTTCGTTCAGGAAA-1,0.00001,0.70434,0.201123,0.001281,0.093246
ACGTTCTGTACAAGTC-1,0.059045,0.000427,0.681595,0.000214,0.258719
ACGTTGTCGTTGAAAG-1,0.00009,0.177394,0.658547,0.016414,0.147554
ACGTTTAGTTGTGATC-1,0.000095,0.1174,0.564289,0.184378,0.133837
ACGTTTCGGTGCACTT-1,0.000747,0.264276,0.731991,0.000747,0.002239
ACTAAGGACGCACACC-1,0.000855,0.15825,0.837475,0.000855,0.002565
ACTAATACGTCAGGCG-1,0.023709,0.000066,0.279742,0.696384,0.000099
ACTACAAAGAGAGGTG-1,0.000096,0.243971,0.676326,0.000096,0.079511
ACTACATCCCGACAAG-1,0.097296,0.293989,0.467614,0.000062,0.14104
ACTACCAGCTCTCTGG-1,0.000007,0.248324,0.025088,0.003123,0.723459
ACTACCATCCGAGGGC-1,0.000067,0.177625,0.762699,0.000067,0.059542
ACTACGCGTTAGAATT-1,0.042162,0.376966,0.377891,0.025292,0.177688
ACTAGTTGCGATCGTC-1,0.000145,0.104914,0.894363,0.000145,0.000434
ACTATATGCTGTGTTC-1,0.105503,0.000418,0.650994,0.242458,0.000626
ACTATCCAGGGCATGG-1,0.094111,0.292284,0.432869,0.01338,0.167355
ACTATCGCCGGCTAAA-1,0.00571,0.105563,0.730034,0.000123,0.158569
ACTATCTGCCCGCGTA-1,0.000147,0.339323,0.659943,0.000147,0.00044
ACTATGTCCAGCTGCC-1,0.070234,0.274492,0.576202,0.000082,0.078989
ACTATTCGTCCGTGGT-1,0.048645,0.052804,0.360471,0.503681,0.034399
ACTATTTCCGGGCCCA-1,0.066654,0.577201,0.204397,0.0365,0.115249
ACTCAACGAATGTATT-1,0.203346,0.231421,0.055305,0.145249,0.364679
ACTCAAGTGCAAGGCT-1,0.000155,0.00031,0.771711,0.000155,0.227669
ACTCAATAAAGGCACG-1,0.000008,0.731202,0.108415,0.016852,0.143523
ACTCAGACCTGCTTCT-1,0.000007,0.516647,0.009642,0.013873,0.459832
ACTCATGGCAGCCTTC-1,0.08604,0.213792,0.622676,0.000072,0.077421
ACTCCAATATCATCAT-1,0.000129,0.195385,0.555425,0.000129,0.248931
ACTCCCATTCCTAAAG-1,0.185085,0.014985,0.524336,0.039718,0.235877
ACTCCCGAATTCGTTT-1,0.0481,0.334991,0.465378,0.145706,0.005824
ACTCCCGTAGACTAGG-1,0.00051,0.159743,0.837705,0.00051,0.001531
ACTCCCTAATGCTAAA-1,0.000131,0.000261,0.927014,0.000131,0.072464
ACTCCCTAGAATAGTA-1,0.053418,0.000032,0.333838,0.278453,0.334259
ACTCCGGCCGACCACT-1,0.000182,0.000363,0.938943,0.000182,0.060331
ACTCGATGTATTTCAT-1,0.069077,0.204847,0.568894,0.000118,0.157064
ACTCGCCGTTCGATAA-1,0.000246,0.000492,0.992668,0.000246,0.006349
ACTCGCGATCTGACGC-1,0.089341,0.10638,0.676639,0.000074,0.127565
ACTCGTAACCCGTCCT-1,0.089081,0.063019,0.472178,0.026498,0.349224
ACTCGTCAGTAATCCC-1,0.000005,0.827051,0.008905,0.021899,0.14214
ACTCTAAACCTGGGAT-1,0.264469,0.170332,0.003133,0.221248,0.340817
ACTCTCTGACTTAGGT-1,0.000008,0.337376,0.103649,0.045506,0.51346
ACTCTCTTATACACGA-1,0.000089,0.074984,0.342986,0.51146,0.070481
ACTCTGACCTAATAGA-1,0.000276,0.000551,0.859851,0.000276,0.139046
ACTCTTCAGCTCCCGC-1,0.000431,0.060493,0.937351,0.000431,0.001293
ACTCTTGTATAGTAAC-1,0.000009,0.007628,0.036388,0.154393,0.801583
ACTGAAACGCCGTTAG-1,0.000166,0.000331,0.900599,0.000166,0.098738
ACTGAATGGCGAAAGT-1,0.063188,0.000183,0.789902,0.031431,0.115296
ACTGATTTAGTGATTC-1,0.615793,0.000614,0.095989,0.286684,0.000921
ACTGCCCGCCATTCTC-1,0.000083,0.220376,0.659124,0.000083,0.120335
ACTGCCGTCGTAACTC-1,0.000023,0.578686,0.128805,0.097042,0.195444
ACTGCGGACACACCGT-1,0.099601,0.198619,0.482499,0.059322,0.159959
ACTGCTCGGAAGGATG-1,0.159852,0.059298,0.580598,0.048867,0.151384
ACTGGCGAACCTGCGT-1,0.000695,0.13707,0.859456,0.000695,0.002084
ACTGGGATGCCAGTGC-1,0.000113,0.30594,0.687536,0.000113,0.006298
ACTGTACGATACACAT-1,0.000013,0.755733,0.032009,0.074754,0.13749
ACTGTAGCACTTTGGA-1,0.000005,0.318022,0.030203,0.008164,0.643606
ACTGTATACGCGAGCA-1,0.034488,0.259204,0.099582,0.128405,0.478322
ACTGTCCAGGATTATA-1,0.01867,0.029743,0.055345,0.00514,0.891103
ACTGTCTTCTTTAGAA-1,0.000006,0.001738,0.013724,0.074329,0.910203
ACTGTGCTAGTAGATC-1,0.023499,0.289702,0.154216,0.190808,0.341775
ACTGTTTAGTGTAGGC-1,0.00037,0.325487,0.281842,0.125095,0.267206
ACTTACCGGGCGCGCA-1,0.000017,0.089275,0.218389,0.592658,0.099661
ACTTACGCATCCACGC-1,0.00016,0.00032,0.758466,0.04371,0.197345
ACTTAGTACGACAAGA-1,0.000006,0.271047,0.041846,0.024747,0.662354
ACTTATACTTACCCGG-1,0.09279,0.209108,0.352953,0.053734,0.291413
ACTTATCTGATCTATA-1,0.101115,0.26631,0.311596,0.072315,0.248664
ACTTATTAGGATCGGT-1,0.000009,0.018085,0.112096,0.065677,0.804132
ACTTATTTATGTGCCA-1,0.000147,0.183073,0.695813,0.000147,0.120821
ACTTCAGGCTGATCCC-1,0.03185,0.000199,0.723148,0.059818,0.184985
ACTTCCAGTGGAAGCT-1,0.080206,0.045429,0.632008,0.058054,0.184302
ACTTCCATGCGGGACA-1,0.000167,0.000333,0.614473,0.011889,0.373139
ACTTCCTGTCGTGCGA-1,0.000747,0.001493,0.688806,0.306715,0.002239
ACTTCGCCATACGCAC-1,0.010459,0.207413,0.371035,0.154676,0.256417
ACTTCGCTAGCGAGTG-1,0.000585,0.088255,0.739291,0.000585,0.171284
ACTTGACTCCCTCTTT-1,0.093988,0.000011,0.014712,0.079746,0.811543
ACTTGCCATATTGTAC-1,0.001334,0.002668,0.265909,0.001334,0.728756
ACTTGCTCTATCTACC-1,0.000844,0.041185,0.746207,0.002476,0.209288
ACTTGGGACCCGGTGG-1,0.000018,0.617651,0.130275,0.004014,0.248042
ACTTGGGCTTTCGCCA-1,0.000291,0.109528,0.779735,0.087527,0.02292
ACTTGTAGTCCCTTCA-1,0.217022,0.0014,0.444195,0.114283,0.2231
ACTTGTGGATGGAACG-1,0.000156,0.214934,0.689814,0.05463,0.040467
ACTTGTTACCGGATCA-1,0.000174,0.263632,0.505464,0.000174,0.230557
ACTTTACCCTCATGAA-1,0.07693,0.208853,0.710919,0.00012,0.003178
ACTTTATACACCACTT-1,0.000111,0.205728,0.784593,0.000111,0.009457
ACTTTCCTATAGCTTC-1,0.051386,0.023972,0.077841,0.118484,0.728318
ACTTTGACTGCATCCT-1,0.288539,0.000062,0.245485,0.275501,0.190414
ACTTTGGTCGTGCTCC-1,0.038006,0.313866,0.414923,0.000068,0.233137
ACTTTGTCGACGCACT-1,0.000211,0.162946,0.836001,0.000211,0.000632
AGAAATTATGACTCGC-1,0.000132,0.194201,0.801773,0.000132,0.003762
AGAACACGGCGATGGT-1,0.000072,0.198699,0.744558,0.000072,0.056599
AGAACCCAGCGTGACA-1,0.063987,0.130008,0.667451,0.015462,0.123092
AGAACCCTCAATTGGG-1,0.025891,0.210269,0.51773,0.039134,0.206977
AGAACGTGGTACATTC-1,0.016182,0.540382,0.272997,0.099319,0.07112
AGAACTGTACTTTGTA-1,0.000242,0.000484,0.857387,0.000242,0.141644
AGAAGAGCGCCGTTCC-1,0.000195,0.646354,0.11588,0.000195,0.237377
AGAAGGTACACTTCAC-1,0.036391,0.131996,0.515941,0.147441,0.168231
AGAAGGTTGCCGAATT-1,0.081554,0.00025,0.108934,0.137178,0.672085
AGAAGGTTGTAGGTCG-1,0.000155,0.000311,0.808044,0.010684,0.180806
AGAAGTGATTCGTGAT-1,0.002541,0.581767,0.091792,0.054094,0.269805
AGAATAAATCTTCAGG-1,0.762512,0.000038,0.020814,0.077194,0.139443
AGAATACAGGCTATCC-1,0.000281,0.000562,0.663467,0.000281,0.33541
AGAATGCGGGTTCGGA-1,0.019331,0.00027,0.740706,0.239289,0.000404
