Barcode,Topic 1,Topic 2to3,Topic 4to10
AAACAACGAATAGTTC-1,0.000085,0.186317,0.813599
AAACAAGTATCTCCCA-1,0.000096,0.217166,0.782738
AAACAATCTACTAGCA-1,0.092335,0.061361,0.846304
AAACACCAATAACTGC-1,0.123218,0.305335,0.571447
AAACAGAGCGACTCCT-1,0.000005,0.00001,0.999985
AAACAGCTTTCAGAAG-1,0.245119,0.000111,0.754769
AAACAGGGTCTATATT-1,0.248144,0.002281,0.749575
AAACAGTGTTCCTGGG-1,0.000071,0.208311,0.791617
AAACATGGTGAGAGGA-1,0.076905,0.099482,0.823613
AAACATTTCCCGGATT-1,0.065026,0.000382,0.934592
AAACCACTACACAGAT-1,0.000159,0.000318,0.999524
AAACCCGAACGAAATC-1,0.000061,0.201572,0.798367
AAACCGGAAATGTTAA-1,0.00011,0.113531,0.886359
AAACCGGGTAGGTACC-1,0.190825,0.016398,0.792778
AAACCGTTCGTCCAGG-1,0.033452,0.346014,0.620534
AAACCTAAGCAGCCGG-1,0.000132,0.000265,0.999603
AAACCTCATGAAGTTG-1,0.206507,0.015796,0.777697
AAACGAAGAACATACC-1,0.000614,0.001227,0.998159
AAACGAAGATGGAGTA-1,0.104586,0.042634,0.85278
AAACGACAGTCTTGCC-1,0.000186,0.000372,0.999442
AAACGAGACGGTTGAT-1,0.020765,0.51385,0.465385
AAACGCCCGAGATCGG-1,0.000043,0.000086,0.99987
AAACGCTGGGCACGAC-1,0.000369,0.038383,0.961248
AAACGGGCGTACGGGT-1,0.000135,0.00027,0.999594
AAACGGGTTGGTATCC-1,0.033679,0.119631,0.846689
AAACGGTTGCGAACTG-1,0.000128,0.258014,0.741858
AAACGTGTTCGCCCTA-1,0.000238,0.000476,0.999286
AAACTAACGTGGCGAC-1,0.000069,0.000137,0.999794
AAACTCGGTTCGCAAT-1,0.000164,0.000329,0.999507
AAACTCGTGATATAAG-1,0.00028,0.21995,0.77977
AAACTGCTGGCTCCAA-1,0.019705,0.000048,0.980247
AAACTTAATTGCACGC-1,0.070368,0.220775,0.708857
AAACTTGCAAACGTAT-1,0.320969,0.062151,0.61688
AAAGAATGACCTTAGA-1,0.034154,0.137005,0.828841
AAAGAATGTGGACTAA-1,0.05011,0.000528,0.949362
AAAGACATGAAGTTTA-1,0.108324,0.000095,0.891581
AAAGACCCAAGTCGCG-1,0.000013,0.305154,0.694834
AAAGACTGGGCGCTTT-1,0.051436,0.000011,0.948553
AAAGCTTGCCTACATA-1,0.000243,0.069961,0.929796
AAAGGCCCTATAATAC-1,0.007938,0.203049,0.789013
AAAGGCTACGGACCAT-1,0.00005,0.185993,0.813958
AAAGGCTCTCGCGCCG-1,0.038332,0.345808,0.61586
AAAGGGATGTAGCAAG-1,0.011171,0.179475,0.809353
AAAGGGCAGCTTGAAT-1,0.930274,0.069649,0.000076
AAAGGTAAGCTGTACC-1,0.000071,0.000143,0.999786
AAAGGTCAACGACATG-1,0.000578,0.001156,0.998265
AAAGTAGCATTGCTCA-1,0.033814,0.395148,0.571038
AAAGTCACTGATGTAA-1,0.097862,0.244242,0.657896
AAAGTCGACCCTCAGT-1,0.85574,0.000044,0.144215
AAAGTGCCATCAATTA-1,0.000217,0.000435,0.999348
AAAGTGTGATTTATCT-1,0.000069,0.339237,0.660694
AAAGTTGACTCCCGTA-1,0.000118,0.289776,0.710106
AAATAACCATACGGGA-1,0.060309,0.000027,0.939664
AAATAAGGTAGTGCCC-1,0.042515,0.268835,0.68865
AAATACCTATAAGCAT-1,0.000025,0.00005,0.999925
AAATAGCTTAGACTTT-1,0.138623,0.239491,0.621886
AAATAGGGTGCTATTG-1,0.020938,0.000169,0.978893
AAATCACTCCTAAACG-1,0.000498,0.000995,0.998507
AAATCCGATACACGCC-1,0.000121,0.000243,0.999636
AAATCGCGGAAGGAGT-1,0.095437,0.055861,0.848702
AAATCGTGTACCACAA-1,0.000008,0.189523,0.810469
AAATCTAGCCCTGCTA-1,0.000128,0.16988,0.829992
AAATCTGCCCGCGTCC-1,0.000037,0.142382,0.857581
AAATGACTGATCAAAC-1,0.000132,0.21149,0.788378
AAATGATTCGATCAGC-1,0.00034,0.197392,0.802267
AAATGCTCGTTACGTT-1,0.23172,0.125457,0.642823
AAATGGCATGTCTTGT-1,0.00007,0.129215,0.870715
AAATGGCCCGTGCCCT-1,0.11352,0.072741,0.813739
AAATGGTCAATGTGCC-1,0.11374,0.096691,0.789569
AAATGTATCTTATCCC-1,0.36081,0.061243,0.577947
AAATGTGGGTGCTCCT-1,0.000082,0.317424,0.682494
AAATTAACGGGTAGCT-1,0.000005,0.466701,0.533294
AAATTAATAAGCGCGA-1,0.097971,0.001447,0.900582
AAATTACACGACTCTG-1,0.194204,0.000056,0.80574
AAATTACCTATCGATG-1,0.000172,0.11702,0.882809
AAATTCCAGGTCCAAA-1,0.125871,0.137842,0.736287
AAATTGATAGTCCTTT-1,0.143218,0.499327,0.357455
AAATTGCGGCGGTTCT-1,0.000146,0.155004,0.84485
AAATTGGTGAGAAGCA-1,0.019192,0.000848,0.97996
AAATTTACCGAAATCC-1,0.089065,0.013583,0.897353
AAATTTGCGGGTGTGG-1,0.060357,0.003245,0.936398
AACAACTGGTAGTTGC-1,0.099126,0.16486,0.736014
AACAATACATTGTCGA-1,0.000047,0.203912,0.79604
AACAATTACTCTACGC-1,0.930679,0.065532,0.003789
AACACACGCTCGCCGC-1,0.027067,0.092669,0.880264
AACACGACTGTACTGA-1,0.068506,0.007145,0.924349
AACACGAGACGCGGCC-1,0.439238,0.077619,0.483143
AACACGCGGCCGCGAA-1,0.071299,0.41917,0.509531
AACAGCTGTGTGGCAA-1,0.058249,0.249651,0.6921
AACAGGAAATCGAATA-1,0.05131,0.239377,0.709313
AACAGGATGGGCCGCG-1,0.103421,0.383993,0.512586
AACAGGTAGTATGGAT-1,0.000115,0.303335,0.69655
AACATAGCGTGTATCG-1,0.000962,0.088876,0.910162
AACATATCAACTGGTG-1,0.000142,0.081164,0.918694
AACATCGATACGTCTA-1,0.000275,0.238951,0.760774
AACATTGAAGTTGATC-1,0.000073,0.289064,0.710863
AACATTGGTCAGCCGT-1,0.022273,0.243382,0.734345
AACATTGTGACTCGAG-1,0.00162,0.104298,0.894082
AACCAAGACTTCTCTG-1,0.064248,0.48717,0.448582
AACCAGTATCACTCTT-1,0.083985,0.000064,0.915951
AACCATAGGGTTGAAC-1,0.052237,0.227468,0.720295
AACCATGGGATCGCTA-1,0.075252,0.204397,0.720351
AACCCAGAGACGGAGA-1,0.101842,0.277258,0.6209
AACCCATCCCATGATC-1,0.08454,0.186586,0.728875
AACCCGACAACCCGTG-1,0.000072,0.26515,0.734777
AACCCGAGCAGAATCG-1,0.00013,0.226243,0.773627
AACCCGATAGGGCTTC-1,0.000654,0.001308,0.998039
AACCCGCTGTATTCCA-1,0.000137,0.277654,0.722209
AACCCTACTGTCAATA-1,0.000098,0.374079,0.625822
AACCCTGGTGGAACCA-1,0.081227,0.0023,0.916474
AACCGAGCTTGGTCAT-1,0.079417,0.660879,0.259704
AACCGCTAAGGGATGC-1,0.026127,0.329989,0.643884
AACCGTTGTGTTTGCT-1,0.002638,0.261066,0.736297
AACCTAAAGCCGTCCG-1,0.138379,0.002198,0.859423
AACCTCGCTTTAGCCC-1,0.00015,0.000301,0.999549
AACCTGTCACGGAATT-1,0.118808,0.148356,0.732837
AACCTTTAAATACGGT-1,0.000114,0.000228,0.999658
AACCTTTACGACGTCT-1,0.142443,0.000029,0.857528
AACGAAAGTCGTCCCA-1,0.044952,0.164519,0.790529
AACGACCTCCTAGCCG-1,0.000429,0.000859,0.998712
AACGATAATGCCGTAG-1,0.017497,0.000226,0.982277
AACGATAGAAGGGCCG-1,0.289256,0.333272,0.377473
AACGATATGTCAACTG-1,0.070899,0.473103,0.455997
AACGCATGATCTGGGT-1,0.02862,0.20174,0.769639
AACGCGAACGGCAACA-1,0.061442,0.15876,0.779798
AACGCGACCTTGGGCG-1,0.000118,0.160735,0.839148
AACGCGGTCTCCAGCC-1,0.783038,0.089131,0.127831
AACGCTGTTGCTGAAA-1,0.000125,0.00025,0.999625
AACGGACGTACGTATA-1,0.000101,0.103081,0.896818
AACGGCCATCTCCGGT-1,0.000005,0.101108,0.898887
AACGTACTGTGGGTAC-1,0.127135,0.275163,0.597703
AACGTAGTCTACCCAT-1,0.427886,0.05606,0.516055
AACGTCAGACTAGTGG-1,0.000004,0.125347,0.874648
AACGTCATCCGGCTTG-1,0.00019,0.175127,0.824683
AACGTCGCTGCACTTC-1,0.000256,0.019676,0.980068
AACGTGATGAAGGACA-1,0.00033,0.203776,0.795894
AACGTGCGAAAGTCTC-1,0.000003,0.090807,0.90919
AACGTTATCAGCACCT-1,0.067193,0.13428,0.798527
AACGTTCTACCATTGT-1,0.001087,0.002175,0.996738
AACTACCCGTTTGTCA-1,0.000108,0.228602,0.77129
AACTAGCGTATCGCAC-1,0.02393,0.306249,0.669821
AACTAGGCTTGGGTGT-1,0.000086,0.088958,0.910956
AACTCAAGTTAATTGC-1,0.396908,0.000161,0.60293
AACTCCAGAGCGTGTT-1,0.046781,0.000427,0.952791
AACTCCTAATCCCATG-1,0.005614,0.000029,0.994357
AACTCGATAAACACGT-1,0.095081,0.170385,0.734535
AACTCGATGGCGCAGT-1,0.202628,0.211041,0.586331
AACTCTCAATAGAGCG-1,0.190818,0.247481,0.5617
AACTCTCAGTGTGCTC-1,0.000013,0.381266,0.618721
AACTGAGGTCAGCGTC-1,0.030668,0.000201,0.969131
AACTGAGTTATACTGA-1,0.02536,0.186196,0.788444
AACTGATATTAGGCCT-1,0.051504,0.29651,0.651986
AACTGGGTCCCGACGT-1,0.000012,0.960843,0.039145
AACTGGGTTCGAGCCG-1,0.102688,0.076755,0.820557
AACTGGTGTGGGCCTT-1,0.024719,0.147696,0.827586
AACTTCTGCGTCTATC-1,0.059557,0.072921,0.867522
AACTTGCCCGTATGCA-1,0.173104,0.012311,0.814585
AACTTGCGTTCTCGCG-1,0.174944,0.303152,0.521904
AACTTTACGGGAGCTT-1,0.887276,0.000015,0.112709
AACTTTAGCTGCTGAG-1,0.00001,0.364675,0.635315
AACTTTCTCGATCATG-1,0.000516,0.001031,0.998453
AAGAAAGTTTGATGGG-1,0.000115,0.28692,0.712965
AAGAAATCACCAGATT-1,0.000585,0.00117,0.998245
AAGAAGGATCAGTTAG-1,0.353198,0.172355,0.474446
AAGACATACGTGGTTT-1,0.00031,0.000619,0.999071
AAGACCAAATAACTCA-1,0.046283,0.105887,0.84783
AAGACCCAACTGAACA-1,0.01808,0.445094,0.536826
AAGACTAACCCGTTGT-1,0.000091,0.271913,0.727997
AAGACTCACGCCCACT-1,0.087779,0.000083,0.912138
AAGACTGCAAGCTACT-1,0.000005,0.034714,0.96528
AAGAGATGAATCGGTA-1,0.02698,0.037005,0.936015
AAGAGCTCTTTATCGG-1,0.000005,0.346876,0.653119
AAGAGGATGTACGCGA-1,0.7658,0.000021,0.23418
AAGAGGCATGGATCGC-1,0.43333,0.147812,0.418858
AAGAGGCCCTTTGGAA-1,0.000162,0.246077,0.753761
AAGATGGCACCGGACC-1,0.06684,0.603059,0.330101
AAGATTGGCGGAACGT-1,0.00007,0.048564,0.951366
AAGCACCCTGCGTATC-1,0.00015,0.000299,0.999551
AAGCATACTCTCCTGA-1,0.000118,0.000235,0.999647
AAGCCACTTGCAGGTA-1,0.000062,0.109257,0.890681
AAGCCGAAGCGGTTTA-1,0.000123,0.256084,0.743794
AAGCCGCCGTGAAATC-1,0.012551,0.126472,0.860977
AAGCCGCTTTACCTTG-1,0.000553,0.001105,0.998342
AAGCCGGAGAGCAGGA-1,0.000244,0.231301,0.768455
AAGCGCAGGGCTTTGA-1,0.000147,0.003064,0.99679
AAGCGGAGTGCGCGCA-1,0.092031,0.001093,0.906876
AAGCGGCGTCATGGGT-1,0.025047,0.000069,0.974884
AAGCGTCCCTCATCGA-1,0.0843,0.212723,0.702976
AAGCTAGATCGAGTAA-1,0.005245,0.000051,0.994703
AAGCTATGGATTGACC-1,0.038694,0.000328,0.960978
AAGCTCGTGCCAAGTC-1,0.000005,0.054237,0.945758
AAGCTCTTTCATGGTG-1,0.000183,0.000366,0.999451
AAGGAGAACTTATAAG-1,0.000645,0.334234,0.665121
AAGGAGCGGTTGGTGC-1,0.05922,0.552734,0.388046
AAGGATCGATCGCTTG-1,0.030623,0.273287,0.696089
AAGGATGAGGGACCTC-1,0.000065,0.04061,0.959325
AAGGCAGGCTGTCTCC-1,0.032434,0.203519,0.764047
AAGGCGCGTAAAGCTT-1,0.290989,0.051477,0.657535
AAGGCTGTGCTCATCG-1,0.028072,0.294011,0.677916
AAGGGAACGACTGGCT-1,0.102042,0.3078,0.590158
AAGGGACAGATTCTGT-1,0.000143,0.052475,0.947382
AAGGGACTATGCATTC-1,0.09652,0.214949,0.688531
AAGGGTTAGCCATGCG-1,0.000813,0.001627,0.99756
AAGGGTTTGATTTCAG-1,0.09105,0.008278,0.900673
AAGGTATCCTAATATA-1,0.000066,0.144882,0.855051
AAGGTGATAAACCAGC-1,0.000052,0.252479,0.74747
AAGTAAGCTTCCAAAC-1,0.250944,0.12401,0.625047
AAGTAGAAGACCGGGT-1,0.000007,0.163753,0.83624
AAGTAGTGACGCGAGG-1,0.115675,0.043572,0.840753
AAGTCAATTGTCGTCA-1,0.000138,0.278506,0.721356
AAGTCTAGTAGCTGCC-1,0.000513,0.144728,0.854759
AAGTCTTCTGTGGCCT-1,0.215083,0.000103,0.784814
AAGTGACGACCGAATT-1,0.263193,0.000033,0.736774
AAGTGAGTCGGGTTTA-1,0.008571,0.485922,0.505508
AAGTGCAAAGGTAGAC-1,0.04162,0.00001,0.958371
AAGTGCCTTGACTGTA-1,0.00011,0.329669,0.670221
AAGTGCGTTAGAATCT-1,0.019918,0.316509,0.663573
AAGTGCTTCTCTATTG-1,0.000129,0.324431,0.675439
AAGTGTTTGGAGACGG-1,0.000088,0.000176,0.999737
AAGTTCACTCCAAGCT-1,0.000163,0.000326,0.999511
AAGTTCAGTCTGCGTA-1,0.000322,0.000643,0.999035
AAGTTCGGCCAACAGG-1,0.642549,0.040692,0.316759
AAGTTGTGATGTTATA-1,0.000319,0.000637,0.999044
AAGTTTACTAATGGCA-1,0.002565,0.00513,0.992306
AAGTTTATGGGCCCAA-1,0.000155,0.082831,0.917014
AATAACAACGCTCGGC-1,0.017963,0.000011,0.982026
AATAACACTAGAACAA-1,0.000007,0.997895,0.002098
AATAACGTCGCGCCCA-1,0.000377,0.000755,0.998868
AATAAGTCCTCGAGAC-1,0.000433,0.156641,0.842926
AATAATCTTCGTATCG-1,0.017933,0.266371,0.715696
AATACAATGTTTCAGG-1,0.183805,0.24603,0.570165
AATACCGGAGGGCTGT-1,0.000075,0.136443,0.863482
AATACCTGATGTGAAC-1,0.000211,0.000422,0.999367
AATAGAACAGAGTGGC-1,0.000005,0.071173,0.928823
AATAGAATCTGTTTCA-1,0.000122,0.009107,0.990772
AATAGCAAGCCTCCTG-1,0.000069,0.000138,0.999792
AATAGCTACCGCGTGC-1,0.056681,0.000614,0.942706
AATAGGCACGACCCTT-1,0.000139,0.226185,0.773676
AATAGTCCGTCCCGAC-1,0.000011,0.385926,0.614063
AATAGTCGCGAGTCGG-1,0.127963,0.003684,0.868353
AATATCAAGGTCGGAT-1,0.000008,0.737764,0.262229
AATATCCTAGCAAACT-1,0.22168,0.000113,0.778208
AATATCGAATCAATGC-1,0.00013,0.25431,0.74556
AATATCGAGGGTTCTC-1,0.000191,0.068397,0.931412
AATATTGGAGTATTGA-1,0.155081,0.018973,0.825946
AATCAGACTGCAGGAC-1,0.000151,0.297613,0.702236
AATCAGGTTTCATTTA-1,0.000112,0.181702,0.818186
AATCATGTAAAGACTC-1,0.000149,0.040674,0.959177
AATCCAAGGGCCTGAG-1,0.000015,0.356465,0.64352
AATCCATGCAAGGGTG-1,0.012433,0.172013,0.815554
AATCCCGCTCAGAGCC-1,0.000158,0.177936,0.821906
AATCGAGGTCTCAAGG-1,0.002382,0.182665,0.814954
AATCGCCTCAGCGCCA-1,0.000005,0.286492,0.713503
AATCGCGCAGAGGACT-1,0.051276,0.162512,0.786212
AATCGGGACACTACGA-1,0.000021,0.093394,0.906585
AATCGGTATAGCCCTC-1,0.000424,0.075853,0.923723
AATCGTGAGCCGAGCA-1,0.042632,0.036867,0.920501
AATCTAGGTTTACTTG-1,0.080848,0.147211,0.771942
AATCTATGCCGGAGCC-1,0.000156,0.095591,0.904254
AATCTCTACTGTGGTT-1,0.600499,0.000055,0.399446
AATCTGCGTTGGGACG-1,0.052112,0.534402,0.413485
AATCTGGCTTTCTAGT-1,0.084969,0.108526,0.806506
AATCTGGGTAGACCCT-1,0.073366,0.000075,0.926559
AATGACAGCAATGTCT-1,0.000007,0.825572,0.174421
AATGACGTAGGATGTC-1,0.36419,0.000011,0.6358
AATGACTGTCAGCCGG-1,0.003815,0.662454,0.333732
AATGAGTTCGCATATG-1,0.214094,0.211773,0.574133
AATGATGATACGCTAT-1,0.000222,0.019808,0.979971
AATGATGCGACTCCTG-1,0.000268,0.000536,0.999195
AATGCAACCGGGTACC-1,0.130016,0.038939,0.831044
AATGCACCAAGCAATG-1,0.063291,0.023139,0.91357
AATGGCCGCCAATGCG-1,0.000637,0.001274,0.998089
AATGGTCCACCGTTCA-1,0.323627,0.000014,0.676358
AATGGTTCTCACAAGC-1,0.024529,0.114487,0.860984
AATGTATGGCACTGTA-1,0.059715,0.179838,0.760447
AATGTGCCCGAGGTGT-1,0.075969,0.027029,0.897002
AATGTGCTAATCTGAG-1,0.013092,0.233496,0.753411
AATGTTAAGACCCTGA-1,0.00164,0.272621,0.72574
AATGTTGTCGTGAGAC-1,0.000293,0.028622,0.971085
AATTAAAGGTCGGCGT-1,0.000016,0.319037,0.680946
AATTAACGGATTTCCA-1,0.000114,0.000826,0.99906
AATTACGAGACCCATC-1,0.032323,0.077192,0.890485
AATTACTCGTACGCTC-1,0.07968,0.109426,0.810894
AATTAGCGCTGCAGCG-1,0.000015,0.099324,0.900661
AATTATACCCAGCAAG-1,0.000196,0.000392,0.999413
AATTCATAAGGGATCT-1,0.002276,0.160216,0.837508
AATTCATTGTCATGCA-1,0.031052,0.242706,0.726243
AATTCCAACTTGGTGA-1,0.063373,0.271512,0.665115
AATTCCAAGCATGTAC-1,0.000168,0.152131,0.8477
AATTCGATTCGAGGAT-1,0.000192,0.000385,0.999423
AATTCTAGAGTTAGGC-1,0.000013,0.005753,0.994234
AATTGAACGCTCTGGT-1,0.040094,0.000134,0.959772
AATTGCAGCAATCGAC-1,0.000182,0.000364,0.999453
AATTGCGTGGATTACA-1,0.064502,0.179843,0.755655
AATTGTGGTTGCCAAA-1,0.000222,0.090675,0.909103
AATTTGGGACATAGTA-1,0.000016,0.000032,0.999952
AATTTGGTTCCAAAGA-1,0.153631,0.345487,0.500882
ACAAACCATGCGTCCT-1,0.06364,0.254366,0.681994
ACAAACCGACAAGGCG-1,0.000179,0.000357,0.999464
ACAAACTCCATCAGAG-1,0.000077,0.167447,0.832477
ACAAAGAAGGTAGGCC-1,0.228748,0.000094,0.771159
ACAAAGCATGACCTAG-1,0.041704,0.000426,0.95787
ACAAATCGCACCGAAT-1,0.024882,0.000168,0.97495
ACAAATGGTAGTGTTT-1,0.022235,0.106032,0.871733
ACAAATTCAGATCTGA-1,0.000026,0.000052,0.999922
ACAACAGCATGAGCTA-1,0.000006,0.278899,0.721095
ACAACGGTCCCTGCGA-1,0.032933,0.241662,0.725405
ACAAGCAGTGCCTAGC-1,0.964889,0.005322,0.02979
ACAAGCTATATGGAAG-1,0.237312,0.000043,0.762644
ACAAGGAAATCCGCCC-1,0.123806,0.00668,0.869514
ACAAGGACAAGAGGTT-1,0.000006,0.015155,0.984839
ACAAGGATGCTTTAGG-1,0.000153,0.000307,0.99954
ACAAGGCCTACCAGCC-1,0.046111,0.000075,0.953814
ACAAGGGCAGGCTCTG-1,0.02578,0.000006,0.974213
ACAAGTAATTGTAAGG-1,0.000123,0.236538,0.763339
ACAATAGTCGTACGTT-1,0.208246,0.671198,0.120556
ACAATCCATTTAAACC-1,0.04963,0.049406,0.900964
ACAATCGATCTTTATA-1,0.002632,0.005265,0.992102
ACAATGAATACGGAGA-1,0.070521,0.406836,0.522642
ACAATGATTCTTCTAC-1,0.000107,0.000215,0.999678
ACAATTGTGTCTCTTT-1,0.031298,0.264999,0.703704
ACAATTTAGGAGGCTC-1,0.13481,0.000014,0.865176
ACAATTTGAGCAGTGG-1,0.000019,0.683764,0.316218
ACAATTTGGCCATATT-1,0.090417,0.132322,0.77726
ACACAAAGACGGGTGG-1,0.172024,0.144538,0.683438
ACACAAATATTCCTAG-1,0.000349,0.000697,0.998954
ACACACCAGGACCAGT-1,0.000071,0.276905,0.723024
ACACACTTTCTACACG-1,0.000018,0.924284,0.075698
ACACATGATCAAATCT-1,0.055694,0.31108,0.633226
ACACATTGACGCAACA-1,0.013863,0.138564,0.847573
ACACATTTCCGTAGAC-1,0.00011,0.157078,0.842812
ACACCACATAATTAGC-1,0.04867,0.090836,0.860494
ACACCCAGCATGCAGC-1,0.180133,0.136047,0.683819
ACACCCGAGAAATCCG-1,0.022138,0.099346,0.878516
ACACCCGTAAATCTGT-1,0.001516,0.003031,0.995453
ACACCGAGCGCTCTTT-1,0.030202,0.095345,0.874454
ACACCGGTCTGACCGC-1,0.090099,0.222173,0.687727
ACACCTTAAGTAGGGC-1,0.000006,0.590454,0.40954
ACACCTTACTACTTGC-1,0.019896,0.190032,0.790072
ACACGAGACTCCTTCT-1,0.000007,0.185265,0.814728
ACACGGCACTATGCAT-1,0.000667,0.001334,0.997999
ACACGGGAACTTAGGG-1,0.000026,0.430418,0.569556
ACACGTAGGCCACAAG-1,0.000218,0.18603,0.813752
ACACTCCAATGTCACT-1,0.106213,0.253558,0.640229
ACACTGATCAAGGTGT-1,0.000008,0.547732,0.45226
ACACTGGGACAGTCGT-1,0.000234,0.332569,0.667197
ACAGAACTGAGAACAA-1,0.061998,0.260642,0.67736
ACAGATTAGGTTAGTG-1,0.02763,0.000064,0.972307
ACAGCATAGAGCCAGT-1,0.039655,0.000265,0.960081
ACAGCGACATTCTCAT-1,0.00022,0.00044,0.99934
ACAGCGCACCCGCAGC-1,0.00115,0.0023,0.996551
ACAGGAGGCGCAGCCG-1,0.061883,0.264286,0.673832
ACAGGCACGGATCCTT-1,0.034061,0.000483,0.965456
ACAGGCTTGCCCGACT-1,0.048711,0.000302,0.950988
ACAGGTGGAGGTGAGG-1,0.004845,0.5716,0.423555
ACAGGTGTGTTGTTGC-1,0.25466,0.000141,0.745199
ACAGTAATACAACTTG-1,0.29445,0.035839,0.669712
ACAGTATACCGTGGGA-1,0.000292,0.033806,0.965903
ACAGTGCAGCGCATTT-1,0.000553,0.001105,0.998342
ACATAAGTCGTGGTGA-1,0.078119,0.199661,0.72222
ACATAATAAGGCGGTG-1,0.023159,0.425226,0.551615
ACATACAATCAAGCGG-1,0.000297,0.068349,0.931354
ACATCAGCTGGGACGC-1,0.240201,0.000025,0.759773
ACATCCCGGCCATACG-1,0.000047,0.436902,0.563051
ACATCCTGGTAACTGT-1,0.000126,0.180814,0.81906
ACATCGATCGTTTACC-1,0.000009,0.000018,0.999974
ACATCGCAATATTCGG-1,0.00013,0.281467,0.718402
ACATCGGTCAGCCGCG-1,0.065435,0.01542,0.919145
ACATCGTATGCAATGG-1,0.068562,0.000077,0.931361
ACATCGTTAACCTAGT-1,0.059744,0.000797,0.939459
ACATCTCAACGCGTAA-1,0.105656,0.00125,0.893094
ACATGCTTACGGCAGC-1,0.000113,0.257962,0.741926
ACATGGCGCCAAAGTA-1,0.00008,0.151696,0.848225
ACATGGCTCAATTTAG-1,0.062151,0.010472,0.927376
ACATTAGTTTATATCC-1,0.212596,0.116403,0.671001
ACATTCGCGCGGAATA-1,0.000057,0.123363,0.87658
ACATTTGAAACCTAAC-1,0.000196,0.000392,0.999413
ACCAAACACCCAGCGA-1,0.013339,0.082912,0.903749
ACCAAACTAGAAATCC-1,0.000595,0.062266,0.937139
ACCAACACCACACACT-1,0.000219,0.070704,0.929077
ACCAACCGCACTCCAC-1,0.000202,0.000405,0.999393
ACCAACGCTTATTTAT-1,0.000026,0.989511,0.010463
ACCAAGAACGCGTGTC-1,0.000008,0.897342,0.10265
ACCAAGTCATCGGCAG-1,0.000291,0.000582,0.999128
ACCAATATGCAAGTTA-1,0.000109,0.000217,0.999674
ACCACAACTCAGAACA-1,0.000025,0.00005,0.999925
ACCACAAGTTTCTATC-1,0.133311,0.030202,0.836487
ACCACACGGTTGATGG-1,0.000172,0.158992,0.840836
ACCACCAATGTAACAA-1,0.011856,0.21038,0.777764
ACCACCCTCTCTTCTA-1,0.000294,0.237972,0.761734
ACCACGTGCAGCTATA-1,0.000004,0.000008,0.999988
ACCACTGTTCAAGAAG-1,0.088485,0.124321,0.787194
ACCAGACCATAACAAC-1,0.130157,0.000012,0.869832
ACCAGCCCGGTCTTTG-1,0.001031,0.647144,0.351825
ACCAGGAGTGTGATCT-1,0.001352,0.431542,0.567106
ACCAGTGCCCGGTCAA-1,0.001462,0.000055,0.998482
ACCAGTGCGGGAGACG-1,0.000128,0.169394,0.830477
ACCATATCCGCAATAA-1,0.259076,0.104881,0.636043
ACCATCCGCCAACTAG-1,0.230323,0.014432,0.755245
ACCATCGTATATGGTA-1,0.300485,0.044467,0.655048
ACCATTAAGGGTGTCA-1,0.050952,0.123585,0.825463
ACCCAACGCCCGTGGC-1,0.017289,0.59563,0.387081
ACCCACCTACATGCTC-1,0.139881,0.384631,0.475489
ACCCATCTTGAGGGTA-1,0.125756,0.000306,0.873938
ACCCATTTGTCCCTCT-1,0.000219,0.000438,0.999343
ACCCGAGCGAAATTAC-1,0.002036,0.221005,0.776959
ACCCGATTGGTTCCGA-1,0.000153,0.159066,0.840782
ACCCGGAAACTCCCAG-1,0.000097,0.001607,0.998296
ACCCGGAGCACCACAA-1,0.0347,0.205318,0.759982
ACCCGGATGACGCATC-1,0.141822,0.239812,0.618366
ACCCGGTTACACTTCC-1,0.000051,0.156568,0.843381
ACCCGTAGCAGAGAAT-1,0.017663,0.160632,0.821705
ACCCGTAGTCTAGTTG-1,0.000332,0.14226,0.857408
ACCCGTGTCATCAGTA-1,0.000017,0.608365,0.391617
ACCCTATAGGACTGAG-1,0.136155,0.266874,0.596971
ACCCTATGCCATATCG-1,0.00416,0.474778,0.521061
ACCCTCCCGTCAGGGC-1,0.00023,0.00046,0.99931
ACCCTCCCTTGCTATT-1,0.043473,0.000204,0.956323
ACCCTGGTAACGCCCT-1,0.000272,0.128266,0.871462
ACCCTTCATCTGCGAA-1,0.021096,0.625973,0.352931
ACCCTTGCCTGGGTCG-1,0.000699,0.001399,0.997901
ACCCTTTAGTTCTCCA-1,0.001755,0.00351,0.994735
ACCGAAAGGGCCCTGC-1,0.116105,0.429272,0.454623
ACCGAAGAGTCTGGTT-1,0.067523,0.128812,0.803665
ACCGACACATCTCCCA-1,0.000156,0.058713,0.941131
ACCGACTGAGTCCCAC-1,0.000009,0.646182,0.353809
ACCGAGTCTCCTTATT-1,0.000169,0.000339,0.999492
ACCGATAGGCATAACC-1,0.000211,0.265578,0.73421
ACCGATATTTAATCAT-1,0.000213,0.23915,0.760636
ACCGATGGTAGCATCG-1,0.146042,0.259499,0.594459
ACCGCAATAACTGCCT-1,0.015811,0.000095,0.984095
ACCGCGGTGGAAGTCG-1,0.000072,0.353183,0.646744
ACCGCTAGTCATTGGT-1,0.000087,0.176998,0.822915
ACCGGGCCTTTGTTGA-1,0.000125,0.302399,0.697477
ACCGGTCAGGTACACC-1,0.041449,0.210767,0.747783
ACCGGTCTGAGTACGG-1,0.073853,0.000069,0.926078
ACCGTCCACTGGGCCC-1,0.014774,0.120785,0.864442
ACCGTGACCACGTGGG-1,0.015436,0.084423,0.900141
ACCGTTCCCGCTCTGA-1,0.051972,0.000493,0.947535
ACCTAAGTACCTTTCA-1,0.000098,0.352348,0.647555
ACCTAATCGACTTCCT-1,0.97451,0.015162,0.010328
ACCTACAGTATGTGGT-1,0.037325,0.299079,0.663596
ACCTACTATAAATCTA-1,0.000137,0.24951,0.750354
ACCTCAGCGAGGCGCA-1,0.000336,0.000671,0.998993
ACCTCCGCCCTCGCTG-1,0.000165,0.255011,0.744825
ACCTCCGTTATTCACC-1,0.117072,0.177101,0.705827
ACCTCGAACTTATGCT-1,0.068269,0.261513,0.670218
ACCTGCGTGTCATGTT-1,0.280442,0.090024,0.629534
ACCTTTCCTTTAGAAG-1,0.001755,0.606706,0.391539
ACGAAATGGGCGGCAC-1,0.50829,0.006799,0.484911
ACGACCCATGAGTTGC-1,0.00021,0.067785,0.932005
ACGACTCTAGGGCCGA-1,0.000174,0.000349,0.999477
ACGACTGGTCATACTC-1,0.000112,0.293125,0.706763
ACGAGAACCCATCACG-1,0.000007,0.401709,0.598284
ACGAGATATTTGCTTA-1,0.07488,0.002041,0.923078
ACGAGGATACCACTCT-1,0.080163,0.108522,0.811315
ACGAGGTTTACAACGT-1,0.062536,0.335626,0.601838
ACGAGTACGGATGCCC-1,0.043326,0.10086,0.855814
ACGAGTCGCCGGCGTT-1,0.093569,0.076859,0.829572
ACGATACATAGAACTA-1,0.034773,0.620145,0.345082
ACGATACCTATCCTGA-1,0.19622,0.002745,0.801034
ACGATCATACATAGAG-1,0.005411,0.16017,0.834419
ACGATCATCTTGTAAA-1,0.143681,0.283929,0.57239
ACGATGCATATGTTAT-1,0.198872,0.104535,0.696593
ACGATGGATCCGATGC-1,0.176607,0.000893,0.8225
ACGCAAACTAATAGAT-1,0.147441,0.481941,0.370618
ACGCAATCACTACAGC-1,0.000184,0.144066,0.855749
ACGCATAAATGACATG-1,0.001517,0.000127,0.998355
ACGCATACGTTTACTA-1,0.037072,0.079684,0.883244
ACGCATTCGTGAGTAC-1,0.000011,0.084844,0.915145
ACGCCACTCGAAACAG-1,0.000114,0.157309,0.842577
ACGCCAGATGATTTCT-1,0.093529,0.107291,0.79918
ACGCCAGTGCGTTTGC-1,0.000314,0.000627,0.999059
ACGCCCAGCTGTCGAT-1,0.173046,0.205677,0.621277
ACGCCGCTAGACGACC-1,0.030327,0.005459,0.964215
ACGCCTGACACGCGCT-1,0.074885,0.179431,0.745684
ACGCGAAGTCAGACGA-1,0.052261,0.021414,0.926325
ACGCGCTACACAGGGT-1,0.798033,0.000019,0.201948
ACGCGGGCCAAGGACA-1,0.000007,0.184155,0.815839
ACGCGTTTCTTAAGAG-1,0.063497,0.104492,0.832011
ACGCTACTGAATGGGC-1,0.000685,0.00137,0.997945
ACGCTAGTATCAGTGC-1,0.077752,0.002062,0.920186
ACGCTAGTGATACACT-1,0.000178,0.112829,0.886993
ACGCTGTGAGGCGTAG-1,0.131497,0.003745,0.864759
ACGCTTAGTGTCTCTC-1,0.395998,0.000386,0.603615
ACGGAACACGAGTGCC-1,0.000221,0.000443,0.999336
ACGGAATTTAGCAAAT-1,0.216427,0.498272,0.2853
ACGGACGCAGCGACAA-1,0.000077,0.241738,0.758185
ACGGACTCTCAAAGCG-1,0.000136,0.000271,0.999593
ACGGAGCGCAAATTAC-1,0.000232,0.000463,0.999305
ACGGATGGTGCGGATA-1,0.000132,0.000263,0.999605
ACGGCACTTGCTTGGG-1,0.002273,0.212954,0.784773
ACGGCCAACATGGACT-1,0.000012,0.498932,0.501056
ACGGCGACGATGGGAA-1,0.000005,0.00001,0.999985
ACGGCGGGTTGCCCTG-1,0.040962,0.243587,0.715451
ACGGCTGGATGTAGAA-1,0.052959,0.243742,0.703299
ACGGGAGTGTCGGCCC-1,0.134494,0.132098,0.733408
ACGGGCGTATGCGACA-1,0.000213,0.081265,0.918521
ACGGGTCATGTGACTT-1,0.064211,0.161837,0.773952
ACGGGTTGTGACCTGT-1,0.000054,0.17755,0.822396
ACGGTACAGTTCAATG-1,0.000233,0.000466,0.9993
ACGGTCACCGAGAACA-1,0.028411,0.23575,0.735839
ACGTACAGATTTCTCT-1,0.000099,0.414714,0.585187
ACGTACTTTGGCACGG-1,0.000105,0.283761,0.716134
ACGTAGATTGCTGATG-1,0.000008,0.002282,0.99771
ACGTAGGAGAGTCGCT-1,0.000164,0.191163,0.808673
ACGTATTACTCCGATC-1,0.000143,0.421092,0.578765
ACGTCCTAAACGAGAT-1,0.141838,0.00171,0.856452
ACGTCGGGCAACTCGG-1,0.009533,0.180302,0.810165
ACGTCTCGTTCCGGGA-1,0.251546,0.020562,0.727892
ACGTGACAAAGTAAGT-1,0.195991,0.031144,0.772865
ACGTGCGCCTCGTGCA-1,0.001132,0.290695,0.708173
ACGTGGTCGAATGTGC-1,0.110835,0.00171,0.887455
ACGTTAATGTCGAAGA-1,0.069586,0.000051,0.930362
ACGTTAGATTTGCCCG-1,0.137056,0.06701,0.795934
ACGTTATTGGTCACTC-1,0.1213,0.376112,0.502588
ACGTTCACTATGCCGC-1,0.000116,0.06474,0.935143
ACGTTCCGCGCTCCGT-1,0.163314,0.336108,0.500577
ACGTTCGCAATCAATT-1,0.092618,0.220374,0.687008
ACGTTCGTTCAGGAAA-1,0.00001,0.70434,0.29565
ACGTTCTGTACAAGTC-1,0.059045,0.000427,0.940527
ACGTTGTCGTTGAAAG-1,0.00009,0.177394,0.822515
ACGTTTAGTTGTGATC-1,0.000095,0.1174,0.882504
ACGTTTCGGTGCACTT-1,0.000747,0.264276,0.734977
ACTAAGGACGCACACC-1,0.000855,0.15825,0.840895
ACTAATACGTCAGGCG-1,0.023709,0.000066,0.976225
ACTACAAAGAGAGGTG-1,0.000096,0.243971,0.755933
ACTACATCCCGACAAG-1,0.097296,0.293989,0.608716
ACTACCAGCTCTCTGG-1,0.000007,0.248324,0.751669
ACTACCATCCGAGGGC-1,0.000067,0.177625,0.822309
ACTACGCGTTAGAATT-1,0.042162,0.376966,0.580871
ACTAGTTGCGATCGTC-1,0.000145,0.104914,0.894941
ACTATATGCTGTGTTC-1,0.105503,0.000418,0.894079
ACTATCCAGGGCATGG-1,0.094111,0.292284,0.613605
ACTATCGCCGGCTAAA-1,0.00571,0.105563,0.888726
ACTATCTGCCCGCGTA-1,0.000147,0.339323,0.66053
ACTATGTCCAGCTGCC-1,0.070234,0.274492,0.655274
ACTATTCGTCCGTGGT-1,0.048645,0.052804,0.898551
ACTATTTCCGGGCCCA-1,0.066654,0.577201,0.356145
ACTCAACGAATGTATT-1,0.203346,0.231421,0.565233
ACTCAAGTGCAAGGCT-1,0.000155,0.00031,0.999535
ACTCAATAAAGGCACG-1,0.000008,0.731202,0.26879
ACTCAGACCTGCTTCT-1,0.000007,0.516647,0.483346
ACTCATGGCAGCCTTC-1,0.08604,0.213792,0.700168
ACTCCAATATCATCAT-1,0.000129,0.195385,0.804486
ACTCCCATTCCTAAAG-1,0.185085,0.014985,0.799931
ACTCCCGAATTCGTTT-1,0.0481,0.334991,0.616909
ACTCCCGTAGACTAGG-1,0.00051,0.159743,0.839746
ACTCCCTAATGCTAAA-1,0.000131,0.000261,0.999608
ACTCCCTAGAATAGTA-1,0.053418,0.000032,0.94655
ACTCCGGCCGACCACT-1,0.000182,0.000363,0.999455
ACTCGATGTATTTCAT-1,0.069077,0.204847,0.726076
ACTCGCCGTTCGATAA-1,0.000246,0.000492,0.999263
ACTCGCGATCTGACGC-1,0.089341,0.10638,0.804278
ACTCGTAACCCGTCCT-1,0.089081,0.063019,0.8479
ACTCGTCAGTAATCCC-1,0.000005,0.827051,0.172944
ACTCTAAACCTGGGAT-1,0.264469,0.170332,0.565199
ACTCTCTGACTTAGGT-1,0.000008,0.337376,0.662615
ACTCTCTTATACACGA-1,0.000089,0.074984,0.924928
ACTCTGACCTAATAGA-1,0.000276,0.000551,0.999173
ACTCTTCAGCTCCCGC-1,0.000431,0.060493,0.939076
ACTCTTGTATAGTAAC-1,0.000009,0.007628,0.992363
ACTGAAACGCCGTTAG-1,0.000166,0.000331,0.999503
ACTGAATGGCGAAAGT-1,0.063188,0.000183,0.936629
ACTGATTTAGTGATTC-1,0.615793,0.000614,0.383593
ACTGCCCGCCATTCTC-1,0.000083,0.220376,0.779541
ACTGCCGTCGTAACTC-1,0.000023,0.578686,0.421291
ACTGCGGACACACCGT-1,0.099601,0.198619,0.70178
ACTGCTCGGAAGGATG-1,0.159852,0.059298,0.78085
ACTGGCGAACCTGCGT-1,0.000695,0.13707,0.862235
ACTGGGATGCCAGTGC-1,0.000113,0.30594,0.693947
ACTGTACGATACACAT-1,0.000013,0.755733,0.244254
ACTGTAGCACTTTGGA-1,0.000005,0.318022,0.681972
ACTGTATACGCGAGCA-1,0.034488,0.259204,0.706309
ACTGTCCAGGATTATA-1,0.01867,0.029743,0.951587
ACTGTCTTCTTTAGAA-1,0.000006,0.001738,0.998256
ACTGTGCTAGTAGATC-1,0.023499,0.289702,0.686799
ACTGTTTAGTGTAGGC-1,0.00037,0.325487,0.674143
ACTTACCGGGCGCGCA-1,0.000017,0.089275,0.910708
ACTTACGCATCCACGC-1,0.00016,0.00032,0.999521
ACTTAGTACGACAAGA-1,0.000006,0.271047,0.728946
ACTTATACTTACCCGG-1,0.09279,0.209108,0.698101
ACTTATCTGATCTATA-1,0.101115,0.26631,0.632575
ACTTATTAGGATCGGT-1,0.000009,0.018085,0.981906
ACTTATTTATGTGCCA-1,0.000147,0.183073,0.816781
ACTTCAGGCTGATCCC-1,0.03185,0.000199,0.967951
ACTTCCAGTGGAAGCT-1,0.080206,0.045429,0.874365
ACTTCCATGCGGGACA-1,0.000167,0.000333,0.9995
ACTTCCTGTCGTGCGA-1,0.000747,0.001493,0.99776
ACTTCGCCATACGCAC-1,0.010459,0.207413,0.782128
ACTTCGCTAGCGAGTG-1,0.000585,0.088255,0.91116
ACTTGACTCCCTCTTT-1,0.093988,0.000011,0.906001
ACTTGCCATATTGTAC-1,0.001334,0.002668,0.995999
ACTTGCTCTATCTACC-1,0.000844,0.041185,0.957971
ACTTGGGACCCGGTGG-1,0.000018,0.617651,0.382331
ACTTGGGCTTTCGCCA-1,0.000291,0.109528,0.890182
ACTTGTAGTCCCTTCA-1,0.217022,0.0014,0.781578
ACTTGTGGATGGAACG-1,0.000156,0.214934,0.78491
ACTTGTTACCGGATCA-1,0.000174,0.263632,0.736195
ACTTTACCCTCATGAA-1,0.07693,0.208853,0.714217
ACTTTATACACCACTT-1,0.000111,0.205728,0.794161
ACTTTCCTATAGCTTC-1,0.051386,0.023972,0.924642
ACTTTGACTGCATCCT-1,0.288539,0.000062,0.711399
ACTTTGGTCGTGCTCC-1,0.038006,0.313866,0.648128
ACTTTGTCGACGCACT-1,0.000211,0.162946,0.836843
AGAAATTATGACTCGC-1,0.000132,0.194201,0.805667
AGAACACGGCGATGGT-1,0.000072,0.198699,0.801229
AGAACCCAGCGTGACA-1,0.063987,0.130008,0.806005
AGAACCCTCAATTGGG-1,0.025891,0.210269,0.76384
AGAACGTGGTACATTC-1,0.016182,0.540382,0.443436
AGAACTGTACTTTGTA-1,0.000242,0.000484,0.999273
AGAAGAGCGCCGTTCC-1,0.000195,0.646354,0.353452
AGAAGGTACACTTCAC-1,0.036391,0.131996,0.831613
AGAAGGTTGCCGAATT-1,0.081554,0.00025,0.918196
AGAAGGTTGTAGGTCG-1,0.000155,0.000311,0.999534
AGAAGTGATTCGTGAT-1,0.002541,0.581767,0.415692
AGAATAAATCTTCAGG-1,0.762512,0.000038,0.237451
AGAATACAGGCTATCC-1,0.000281,0.000562,0.999157
AGAATGCGGGTTCGGA-1,0.019331,0.00027,0.980399
AGAATTATGGATTCGA-1,0.077579,0.103987,0.818434
AGAATTGTTTGACATA-1,0.129029,0.468374,0.402596
AGACAGCTCAGAATCC-1,0.106416,0.128688,0.764896
AGACAGGCATCTCAGC-1,0.000173,0.189917,0.80991
AGACATAGATCCTTCC-1,0.000011,0.851994,0.147995
AGACCAAACCACACCT-1,0.170843,0.007588,0.821568
AGACCATGGGATACAA-1,0.111148,0.058634,0.830218
AGACCCACCGCTGATC-1,0.073245,0.000084,0.926671
AGACCCGCCCTCCTCG-1,0.33895,0.105161,0.555888
AGACCGCTCCGCGGTT-1,0.000146,0.343499,0.656356
AGACCGGGAAACCCTG-1,0.31368,0.029464,0.656856
AGACGAAGTGCCGGTC-1,0.000103,0.158245,0.841652
AGACGACGATGCCGCT-1,0.608455,0.0311,0.360445
AGACGCCCACTTCGCC-1,0.000216,0.234839,0.764945
AGACGGGATTGGTATA-1,0.028087,0.00177,0.970143
AGACGGGCCGATTTAA-1,0.00234,0.000045,0.997615
AGACTAGCCTTCCAGA-1,0.315334,0.243898,0.440768
AGACTGTTACCGGGTC-1,0.011831,0.43537,0.552799
AGAGAAACACCAGAAA-1,0.000067,0.257376,0.742558
AGAGAACCGTCTAGGA-1,0.000059,0.146847,0.853094
AGAGAAGGAGTACAAT-1,0.043039,0.254478,0.702483
AGAGATCTCTAAAGCG-1,0.276129,0.006977,0.716894
AGAGCAGTTATGAGAC-1,0.058431,0.001716,0.939853
AGAGCCGCCGAGATTT-1,0.068466,0.132671,0.798863
AGAGCGCTTGTAACGG-1,0.07909,0.00174,0.91917
AGAGCGGGCTAATCAT-1,0.045172,0.275636,0.679192
AGAGCGTACAAGCTCG-1,0.279619,0.176007,0.544373
AGAGCTACGAAAGCAT-1,0.151363,0.250689,0.597948
AGAGGCTTCGGAAACC-1,0.00008,0.135656,0.864265
AGAGGGACAATTGTCC-1,0.085369,0.00058,0.914051
AGAGGTATCTCGGTCC-1,0.000918,0.001835,0.997247
AGAGTAAACTTCACTA-1,0.000129,0.284116,0.715755
AGAGTATAGTGTTACG-1,0.000287,0.18558,0.814133
AGAGTCTTAATGAAAG-1,0.079206,0.00171,0.919084
AGAGTGAACAGACACC-1,0.00099,0.001981,0.997029
AGAGTTAGAGACCGAT-1,0.037671,0.000078,0.962252
AGAGTTGCAGGCCTCC-1,0.0005,0.122866,0.876634
AGATAACTTCAGGGCC-1,0.011628,0.197972,0.790399
AGATAATCACACCTAT-1,0.000151,0.250927,0.748922
AGATACCAATAGAACC-1,0.000193,0.000385,0.999422
AGATACCAGCACTTCA-1,0.03562,0.000597,0.963783
AGATACCGGTGTTCAC-1,0.25391,0.031003,0.715086
AGATACGACTTCATAT-1,0.026019,0.274983,0.698998
AGATACTCAAGATCGA-1,0.038012,0.000155,0.961833
AGATATAATACGACTA-1,0.000161,0.000322,0.999518
AGATCGTGCATAAGAT-1,0.03695,0.000504,0.962546
AGATCTCAGGTGTGAT-1,0.000021,0.716205,0.283774
AGATCTGGAGAGGATA-1,0.000102,0.299431,0.700467
AGATGACTCGCCCACG-1,0.000008,0.280518,0.719474
AGATGAGGGTTGCGAT-1,0.000063,0.000125,0.999812
AGATGATGGAGTCTGG-1,0.142459,0.213246,0.644295
AGATGCAAGACGTGCA-1,0.183532,0.200869,0.615599
AGATGCATCCTGTGTC-1,0.254595,0.013409,0.731996
AGATGCTATAACGAGC-1,0.073537,0.156248,0.770215
AGATTATAGGACGTTT-1,0.183939,0.000028,0.816033
AGATTCAAGCGGGTCG-1,0.005454,0.000157,0.994389
AGATTCACAACCGATA-1,0.065123,0.118211,0.816666
AGCAAAGGCCGCTAGT-1,0.000115,0.000229,0.999656
AGCAACATATCTTATT-1,0.000083,0.327296,0.672622
AGCAACCGAAAGTAAT-1,0.101894,0.253363,0.644743
AGCACACGTTTAGACT-1,0.000115,0.215285,0.7846
AGCACCAGTACTCACG-1,0.00001,0.029905,0.970085
AGCACTACCGGCCTGT-1,0.15676,0.012636,0.830603
AGCACTACCTCACCAG-1,0.030038,0.0002,0.969762
AGCACTTAAGGACGCC-1,0.044703,0.357251,0.598046
AGCAGAAGGAGAAAGA-1,0.000139,0.062214,0.937647
AGCAGCCAGATGAATA-1,0.001639,0.307085,0.691276
AGCAGTCGAAGCATGC-1,0.00015,0.070123,0.929727
AGCATATCAATATGCT-1,0.000143,0.14783,0.852027
AGCATCATTTCGAAAG-1,0.063448,0.12696,0.809592
AGCATCGTCGATAATT-1,0.000007,0.369771,0.630222
AGCATTACGAGGCAAG-1,0.062996,0.000562,0.936442
AGCCAAGCTTTGTGTC-1,0.000169,0.379895,0.619936
AGCCACAGGTTACCCG-1,0.031502,0.000331,0.968168
AGCCACTCCCGTGCTT-1,0.000067,0.199491,0.800442
AGCCATATAGTATGTG-1,0.000177,0.079048,0.920775
AGCCCATACATGTAAG-1,0.203545,0.329107,0.467348
AGCCCGCAACAAGCAG-1,0.000094,0.217912,0.781994
AGCCCGCACTACAATG-1,0.000284,0.000568,0.999147
AGCCCGGCATTAGAGG-1,0.000089,0.316558,0.683354
AGCCCGGTAGCCTGTA-1,0.018696,0.333727,0.647577
AGCCCTAAGCGAAGTT-1,0.000044,0.174144,0.825812
AGCCCTCCCTGGTGGC-1,0.000094,0.290216,0.70969
AGCCCTGTCGCACCGT-1,0.071855,0.128552,0.799593
AGCCCTTCTAATCCGA-1,0.000242,0.000484,0.999273
AGCCCTTGGACATCCC-1,0.000189,0.333356,0.666455
AGCCGCAAATTCAAAT-1,0.196283,0.000014,0.803703
AGCCGCTTGATTAGCG-1,0.089705,0.022068,0.888227
AGCCGTGGCTAAATGT-1,0.062424,0.093052,0.844524
AGCCTAATACCCACGT-1,0.151582,0.000198,0.84822
AGCCTTAAAGCGGAAG-1,0.118478,0.205825,0.675696
AGCCTTGTCACTGATA-1,0.033111,0.208828,0.758061
AGCGACAGGAACGGTC-1,0.000006,0.999949,0.000044
AGCGACATCCCATTCA-1,0.000006,0.382435,0.617559
AGCGACCAACGATATT-1,0.032534,0.060251,0.907214
AGCGACTTTGAAGACA-1,0.000107,0.193059,0.806834
AGCGAGACGTGAAGGC-1,0.000067,0.324297,0.675636
AGCGATGCGCCTAATA-1,0.000181,0.074842,0.924977
AGCGCATAATGAATCG-1,0.000006,0.213241,0.786753
AGCGCGGGTGCCAATG-1,0.000131,0.040604,0.959265
AGCGCTAGAGCGATGT-1,0.091859,0.091721,0.81642
AGCGCTTATGGGCAAG-1,0.046609,0.000093,0.953298
AGCGGACACTTCGTAG-1,0.000161,0.179375,0.820464
AGCGGCGGTTAGCGGT-1,0.167202,0.100559,0.732238
AGCGGGAAGGGTCCAT-1,0.000005,0.065131,0.934864
AGCGGGTCTGACACTC-1,0.000136,0.142545,0.857319
AGCGGTTGAGATGTAC-1,0.139981,0.077429,0.78259
AGCGGTTGCCGCTCTG-1,0.000196,0.064574,0.935231
AGCGTACGAGAGCTAG-1,0.016865,0.113851,0.869284
AGCGTAGCGCTAGACC-1,0.000117,0.17745,0.822433
AGCGTCTGAACCCGCA-1,0.048654,0.333822,0.617524
AGCGTGGTATTCTACT-1,0.030954,0.000017,0.969028
AGCGTTCCGATTTAAA-1,0.077816,0.01489,0.907294
AGCTAACAAGCAATGT-1,0.000086,0.381431,0.618483
AGCTAAGCTCCGTCCG-1,0.000111,0.140972,0.858917
AGCTAAGTACGCAGGC-1,0.000168,0.000336,0.999496
AGCTACGAATGGTGGT-1,0.00061,0.00122,0.99817
AGCTAGAAGCAGAAGT-1,0.03548,0.076521,0.887999
AGCTATTTAATCCAAC-1,0.070055,0.10923,0.820714
AGCTCCATATATGTTC-1,0.000212,0.17418,0.825608
AGCTCCTTCGCACATC-1,0.02713,0.000287,0.972583
AGCTCGTTGATGGAAA-1,0.000353,0.086788,0.912858
AGCTCTAGACGTTCCA-1,0.009826,0.029646,0.960529
AGCTCTTCCCAGTGCA-1,0.000016,0.488381,0.511602
AGCTCTTCGTAACCTT-1,0.082655,0.273878,0.643467
AGCTCTTTACTCAGTT-1,0.005119,0.079264,0.915617
AGCTGAAGTAAACCAA-1,0.010495,0.002184,0.987321
AGCTGCATTTGAGGTG-1,0.000272,0.000544,0.999185
AGCTGCTGTGCCGAAT-1,0.000476,0.000953,0.998571
AGCTGTAACCTCAATC-1,0.167778,0.159827,0.672394
AGCTTATAGAGACCTG-1,0.000008,0.366964,0.633028
AGCTTCAATACTTTGA-1,0.000364,0.344958,0.654678
AGCTTCTTCTCGAGCA-1,0.00023,0.279082,0.720688
AGCTTGATCAGGGTAG-1,0.036423,0.207945,0.755632
AGCTTGATCTTAACTT-1,0.146411,0.001685,0.851904
AGGAAAGCCTCTGATG-1,0.114505,0.124296,0.7612
AGGAACGAACGACTTC-1,0.000269,0.139877,0.859854
AGGAAGCTGTCCGCCG-1,0.008649,0.001227,0.990124
AGGACAGTCGAATCCC-1,0.004852,0.124748,0.870399
AGGACATCGCACGTCG-1,0.11262,0.189017,0.698363
AGGACATCGGCACACT-1,0.000422,0.000844,0.998734
AGGACGACCCATTAGA-1,0.814983,0.005937,0.17908
AGGACGCTCGATGTTG-1,0.000196,0.001009,0.998795
AGGACTTATAGGAGAA-1,0.04905,0.127251,0.823699
AGGAGACATCCACAGT-1,0.000403,0.000807,0.99879
AGGAGAGTCTGGCTAC-1,0.000535,0.220683,0.778783
AGGAGCGTTTATTATC-1,0.000709,0.001419,0.997872
AGGAGGCCTTCGCGCG-1,0.016972,0.156341,0.826688
AGGATAAAGTCGGGAT-1,0.00001,0.101321,0.898669
AGGATATAGGGATTTA-1,0.000163,0.294507,0.70533
AGGATATCCGACTGCA-1,0.000174,0.000348,0.999478
AGGATCACGCGATCTG-1,0.171218,0.049054,0.779728
AGGATTGCTTACGACA-1,0.076369,0.106803,0.816828
AGGCAAAGAGGAATCA-1,0.230918,0.163679,0.605403
AGGCAATACGGAGGAC-1,0.122457,0.03798,0.839563
AGGCACGTGACTGTCC-1,0.000201,0.223322,0.776477
AGGCAGATGCGTAAAC-1,0.116815,0.148111,0.735074
AGGCAGGGAGCGTACT-1,0.032303,0.570207,0.397489
AGGCATTGTCGTAGGG-1,0.000136,0.328621,0.671244
AGGCCACATTGGTTAC-1,0.0802,0.197173,0.722628
AGGCCACCCGTTATGA-1,0.000007,0.054483,0.945509
AGGCCCAGTGACTGGT-1,0.122237,0.190072,0.68769
AGGCCCATTGTACAGG-1,0.930221,0.00004,0.069739
AGGCCCTAGAACGCCA-1,0.275589,0.126866,0.597545
AGGCCTATCATACCAA-1,0.00011,0.237953,0.761938
AGGCCTGAGAATCTCG-1,0.03106,0.000282,0.968657
AGGCGATAACTGGCGT-1,0.053458,0.255262,0.69128
AGGCGGTTTGTCCCGC-1,0.056566,0.246488,0.696946
AGGCGTCTATGGACGG-1,0.105711,0.069931,0.824358
AGGCTATGGTTAGCTT-1,0.029618,0.870921,0.09946
AGGCTTAAGTTGCACA-1,0.000196,0.071287,0.928517
AGGCTTCCCGAAGAAG-1,0.007974,0.007487,0.98454
AGGCTTGCTAGACACC-1,0.135302,0.270803,0.593895
AGGGAAACGAGGTACT-1,0.00931,0.000025,0.990665
AGGGACAGCACGGCGG-1,0.04791,0.56741,0.38468
AGGGACCGGCTGCGTT-1,0.140224,0.157984,0.701791
AGGGACTCTACGCGAC-1,0.13927,0.008389,0.852341
AGGGAGACATACTTCG-1,0.000137,0.102852,0.89701
AGGGCAGCGGCGTGGT-1,0.074766,0.000687,0.924547
AGGGCCCTAATGTTCT-1,0.000341,0.242552,0.757106
AGGGCGAGCAGCTGAT-1,0.176738,0.147691,0.675571
AGGGCGTGATCGGCTA-1,0.001892,0.119207,0.878901
AGGGCTGCAGTTACAG-1,0.000011,0.019096,0.980893
AGGGTCAGAGCACTCG-1,0.000097,0.213427,0.786476
AGGGTCAGTAACCCTA-1,0.000233,0.000465,0.999302
AGGGTCGATGCGAACT-1,0.047245,0.354547,0.598208
AGGGTCTGGACGCAGT-1,0.000412,0.000823,0.998765
AGGGTGCCGTTCTTTA-1,0.001864,0.291922,0.706214
AGGGTGCTCTCGAGGG-1,0.170048,0.291524,0.538429
AGGGTGGATAGTGCAT-1,0.04676,0.00001,0.95323
AGGGTGTGCTACACGC-1,0.000388,0.000775,0.998837
AGGGTTCAGACGGTCC-1,0.000115,0.123059,0.876826
AGGGTTCCCTTTGGTT-1,0.116332,0.083934,0.799734
AGGGTTTAGTTCGGGA-1,0.00001,0.635101,0.364889
AGGTAACCTCCTATTC-1,0.02957,0.336041,0.634388
AGGTACGATATTGCCA-1,0.002816,0.032979,0.964205
AGGTAGATCGAGATAT-1,0.00044,0.284066,0.715494
AGGTAGGTACAAAGCT-1,0.000007,0.276575,0.723419
AGGTATAATTGATAGT-1,0.145384,0.140437,0.714179
AGGTATGCGGACATTA-1,0.052117,0.012005,0.935878
AGGTCAGGTGAGAGTG-1,0.280325,0.282756,0.436919
AGGTCGCCACTTCGGT-1,0.055939,0.357235,0.586827
AGGTCGCCTCCCAACA-1,0.00022,0.304307,0.695473
AGGTCGCGGAGTTACT-1,0.000189,0.26257,0.737241
AGGTGCACGTCCACAT-1,0.066151,0.000524,0.933325
AGGTGGTGACCTTCGC-1,0.000146,0.092655,0.907199
AGGTGTATCGCCATGA-1,0.27713,0.000017,0.722853
AGGTGTTGCCGACCAC-1,0.11056,0.127136,0.762304
AGGTTACACCATGCCG-1,0.000079,0.139938,0.859984
AGGTTCTCCTTTCCGG-1,0.046829,0.237426,0.715745
AGGTTGAGGCACGCTT-1,0.068001,0.341065,0.590934
AGGTTTCACACACCTT-1,0.038583,0.004752,0.956665
AGTAACGTTCATCCTG-1,0.111799,0.025933,0.862268
AGTAACTATAGCAGCC-1,0.000279,0.000559,0.999162
AGTAAGGGACAGAATC-1,0.031784,0.000788,0.967428
AGTAATCTAAGGGTGG-1,0.00024,0.032245,0.967514
AGTAATGTCTTGCCGC-1,0.000009,0.269079,0.730912
AGTAATTTGCAAGCGT-1,0.041808,0.169796,0.788396
AGTACAGAAGCTTATA-1,0.000161,0.019682,0.980157
AGTACATCATTTATCA-1,0.000166,0.099046,0.900788
AGTACCTTCGAGTGCT-1,0.000119,0.000239,0.999642
AGTACGGCCCGTATCG-1,0.997728,0.000028,0.002244
AGTACGGGCACCTGGC-1,0.000036,0.110552,0.889411
AGTACGTGGCCTGTCT-1,0.05042,0.233645,0.715934
AGTACTCTTATGCCCA-1,0.027224,0.000339,0.972438
AGTAGAAGGCGCCTCA-1,0.000155,0.221994,0.777851
AGTAGCGTGAACGAAC-1,0.000138,0.289531,0.710331
AGTAGCTAGACGCCGA-1,0.060113,0.000067,0.93982
AGTAGGAAGGAAGTTG-1,0.053675,0.000304,0.946022
AGTAGGTAACATACAT-1,0.0518,0.209086,0.739113
AGTATAATACTAGGCA-1,0.254642,0.096721,0.648637
AGTATACACAGCGACA-1,0.037949,0.231824,0.730228
AGTATCCATAATAACG-1,0.000146,0.214204,0.78565
AGTATGCTGGAGACCA-1,0.170435,0.300114,0.529451
AGTATTTGGCACGACC-1,0.01564,0.449223,0.535137
AGTCAAATGATGTGAT-1,0.000082,0.202763,0.797156
AGTCAACACCACCATC-1,0.000011,0.22882,0.771169
